-62.984466552734375 19.928789138793945 -4.255587577819824
-56.22971725463867 27.885746002197266 5.06006383895874
-45.231529235839844 29.29517364501953 14.3699312210083
-32.32902145385742 27.908395767211914 21.69838523864746
-23.115585327148438 21.311330795288086 21.426206588745117
-32.893924713134766 19.841659545898438 17.197067260742188
-45.38878631591797 21.56757926940918 13.5282564163208
-55.650272369384766 20.06159019470215 5.85051965713501
53.21636962890625 21.077495574951172 -6.834846496582031
44.1274299621582 22.16582489013672 5.517746925354004
32.473724365234375 23.089860916137695 13.980412483215332
23.09256935119629 20.536640167236328 15.94670581817627
13.642959594726562 22.07433319091797 20.993383407592773
22.044450759887695 29.054716110229492 21.38929557800293
33.47236251831055 30.095853805541992 15.139304161071777
46.94451904296875 29.978429794311523 3.014573097229004
-51.951507568359375 8.898507118225098 3.3725502490997314
-44.39453887939453 12.58950138092041 10.422733306884766
-36.993743896484375 13.783102989196777 12.453137397766113
-30.864965438842773 12.729171752929688 10.999239921569824
-23.48094940185547 8.711097717285156 8.231422424316406
-30.966270446777344 7.2049736976623535 9.631502151489258
-36.6805534362793 5.218494892120361 10.797795295715332
-43.6396369934082 5.04118013381958 9.745668411254883
39.123008728027344 6.817763805389404 5.769220352172852
33.237754821777344 5.0973405838012695 8.643595695495605
27.02889633178711 5.483590602874756 9.33268928527832
21.6677303314209 7.202208518981934 8.556429862976074
13.462093353271484 9.136396408081055 9.204496383666992
23.33226776123047 11.9224214553833 10.311995506286621
28.524761199951172 11.830377578735352 11.217877388000488
33.50408172607422 10.153120994567871 9.726583480834961
-36.11830139160156 10.104856491088867 12.07967758178711
26.62200355529785 9.100478172302246 10.604432106018066
5.141404151916504 10.175230979919434 21.543132781982422
7.8734211921691895 -9.299117088317871 33.63694763183594
13.116814613342285 -19.27336311340332 23.426158905029297
10.85247802734375 -26.78343391418457 27.421485900878906
4.688695430755615 -22.704818725585938 39.59392547607422
-4.153645992279053 -29.18187141418457 37.515586853027344
-13.638495445251465 -21.478015899658203 40.96723175048828
-18.79207992553711 -28.031089782714844 27.539974212646484
-21.508787155151367 -22.330663681030273 22.432043075561523
-16.405088424682617 -10.764265060424805 33.33516311645508
-14.386831283569336 9.081094741821289 19.684593200683594
-4.679854393005371 -15.410723686218262 50.794822692871094
-30.07147216796875 -51.90946578979492 20.560466766357422
-19.779712677001953 -45.342628479003906 32.6480598449707
-10.387850761413574 -41.22874450683594 36.8495979309082
-3.828000783920288 -42.3006706237793 37.84701919555664
2.853916883468628 -40.86336898803711 37.13515853881836
11.645691871643066 -44.13235855102539 33.43758773803711
20.99429702758789 -50.11825180053711 23.017431259155273
9.162473678588867 -53.81105422973633 34.756752014160156
-3.304382562637329 -54.660980224609375 38.71247863769531
-17.136423110961914 -55.072227478027344 34.65996170043945
-14.864669799804688 -48.077354431152344 34.53651809692383
-3.6881558895111084 -47.231136322021484 36.99123764038086
6.888872146606445 -47.41490936279297 34.935585021972656
-14.530299186706543 -49.18025207519531 34.77593994140625
-3.6604485511779785 -48.60834884643555 36.85096740722656
6.771933078765869 -48.48909378051758 35.036312103271484
-72.13253784179688 -44.11260986328125 -57.56869888305664
-66.45024871826172 -69.70153045654297 -39.9598503112793
-54.03984451293945 -84.45816802978516 -17.59193229675293
-40.18395233154297 -88.9476547241211 0.16137325763702393
-22.026052474975586 -96.03607940673828 18.931350708007812
-2.790476083755493 -96.01126861572266 26.380260467529297
16.492143630981445 -93.92745208740234 19.49077796936035
33.19329833984375 -88.07279968261719 0.6829760670661926
49.35771560668945 -80.9896240234375 -18.773027420043945
60.2601432800293 -67.151123046875 -38.8476448059082
63.075870513916016 -43.793983459472656 -57.8519172668457
