-62.964569091796875 11.533150672912598 -2.487508773803711
-55.02918243408203 19.70638656616211 7.216306209564209
-44.13090896606445 21.642545700073242 14.818037033081055
-30.885765075683594 21.66855812072754 21.007110595703125
-20.993907928466797 14.850275993347168 20.544509887695312
-31.51639175415039 12.746251106262207 17.015928268432617
-43.79792022705078 13.552271842956543 14.072672843933105
-54.402835845947266 11.954835891723633 7.590514659881592
52.72602081298828 16.849023818969727 -13.815851211547852
44.32149124145508 18.595449447631836 -0.4880955219268799
34.386653900146484 19.249683380126953 7.849658966064453
24.058609008789062 16.71568489074707 11.73853874206543
15.162344932556152 18.1333065032959 17.54300880432129
22.00257110595703 25.8037109375 17.3652286529541
34.46778869628906 25.920955657958984 10.056134223937988
46.44340896606445 26.59648323059082 -2.25643253326416
-49.8350715637207 1.3024786710739136 5.401104927062988
-42.66574478149414 4.687246322631836 10.887629508972168
-35.56744384765625 7.002376079559326 12.184615135192871
-29.5093936920166 5.670573711395264 10.328442573547363
-22.32052993774414 2.1537859439849854 6.517563343048096
-29.788328170776367 -0.2585739195346832 9.224418640136719
-35.25750732421875 -2.600147008895874 10.601621627807617
-42.536128997802734 -2.6792805194854736 9.726632118225098
40.53917694091797 4.393790245056152 -0.12327196449041367
35.0555305480957 1.1374603509902954 3.283222198486328
29.0446720123291 1.512169599533081 4.554301738739014
23.320436477661133 2.9898574352264404 4.124247074127197
14.936795234680176 4.606815814971924 4.888586044311523
23.41924285888672 7.981229782104492 5.443536281585693
29.852813720703125 8.064496994018555 6.531257152557373
35.451133728027344 6.754717826843262 4.509731769561768
-34.724815368652344 2.5180976390838623 12.018685340881348
27.653284072875977 5.396297931671143 6.042160511016846
6.865284442901611 5.311715602874756 19.18781089782715
11.987248420715332 -14.470587730407715 30.910905838012695
16.47608757019043 -24.869115829467773 19.879404067993164
14.803143501281738 -32.007850646972656 24.742944717407227
10.03993034362793 -27.118762969970703 36.54792022705078
1.1748862266540527 -34.48180389404297 36.041194915771484
-8.07068157196045 -27.85092544555664 38.867340087890625
-13.036519050598145 -34.89192199707031 27.105195999145508
-16.818592071533203 -29.252914428710938 21.86520004272461
-12.35791301727295 -17.144067764282227 33.07252502441406
-12.609261512756348 2.8649096488952637 17.762245178222656
0.913127601146698 -20.167919158935547 48.81952667236328
-21.99296760559082 -61.541786193847656 25.83690071105957
-12.73355484008789 -52.65189743041992 34.063133239746094
-4.174782752990723 -47.23472595214844 37.481903076171875
2.1661291122436523 -47.824344635009766 38.22530746459961
8.346179962158203 -46.0169792175293 37.14365768432617
16.99329948425293 -49.650447845458984 32.797576904296875
25.191267013549805 -56.435699462890625 23.990888595581055
15.203399658203125 -60.372528076171875 33.60786056518555
3.639305591583252 -61.92924880981445 38.0550537109375
-9.672929763793945 -63.04376220703125 35.210086822509766
-7.661410331726074 -55.43728256225586 34.349430084228516
2.676668643951416 -53.835567474365234 36.12578582763672
12.723714828491211 -53.43032455444336 33.22357177734375
-7.491531848907471 -56.58189010620117 34.56210708618164
2.832925796508789 -55.27742385864258 35.812530517578125
12.716954231262207 -54.48972702026367 33.34943389892578
-71.37828063964844 -59.03607177734375 -57.350582122802734
-60.72841262817383 -85.00541687011719 -42.552764892578125
-48.07404327392578 -89.28672790527344 -10.950896263122559
-31.73748779296875 -92.14930725097656 7.234384536743164
-16.207454681396484 -97.82115936279297 21.937179565429688
5.603344440460205 -96.40050506591797 27.84965705871582
21.79253578186035 -94.78193664550781 24.546707153320312
42.01201248168945 -90.55514526367188 -6.416487693786621
52.00520706176758 -85.49878692626953 -23.600439071655273
57.32291793823242 -76.91729736328125 -58.6546745300293
61.29240036010742 -50.508705139160156 -67.8939208984375
