-55.722164154052734 28.691499710083008 21.625272750854492
-49.09770584106445 40.52330780029297 35.8380126953125
-33.478546142578125 38.43330764770508 44.59084701538086
-21.98473358154297 35.31349563598633 50.39665222167969
-12.141024589538574 28.494510650634766 47.65829849243164
-22.936111450195312 27.194580078125 41.949058532714844
-34.924842834472656 25.401912689208984 42.77632522583008
-47.58842468261719 25.181066513061523 33.25211715698242
60.908809661865234 31.83613395690918 20.184429168701172
56.09878921508789 27.25933837890625 29.60407066345215
43.27476119995117 27.260478973388672 39.7601203918457
29.264223098754883 28.028963088989258 41.349769592285156
19.268665313720703 28.068803787231445 47.28955841064453
29.27947235107422 35.51395034790039 49.800376892089844
40.81879425048828 39.27898406982422 42.00461196899414
54.0080680847168 39.50973892211914 32.19001388549805
-42.66725158691406 18.374874114990234 28.108354568481445
-35.8390998840332 18.733659744262695 32.87699890136719
-30.809314727783203 20.197696685791016 35.92049789428711
-26.641408920288086 20.295167922973633 35.14705276489258
-15.850383758544922 20.090829849243164 32.51170349121094
-24.354572296142578 15.95450210571289 31.81772232055664
-30.07630157470703 14.367515563964844 31.399368286132812
-36.2601318359375 14.903334617614746 30.244529724121094
48.22859191894531 20.711685180664062 27.62429428100586
42.196502685546875 17.155214309692383 29.077402114868164
36.74150848388672 17.59235382080078 30.364334106445312
30.17623519897461 18.691314697265625 31.053098678588867
21.733572006225586 21.504215240478516 32.562381744384766
29.560550689697266 23.584999084472656 33.549076080322266
35.560516357421875 22.637836456298828 34.26036834716797
42.65849304199219 21.561738967895508 31.744565963745117
-30.64249610900879 17.93364143371582 33.81181335449219
36.16445541381836 20.2213191986084 32.390968322753906
15.204745292663574 20.012346267700195 42.75056457519531
18.63070297241211 -3.485499143600464 47.387901306152344
24.590606689453125 -11.251761436462402 28.43893814086914
21.337020874023438 -18.288314819335938 30.787002563476562
15.8636474609375 -19.11754035949707 35.049888610839844
4.937157154083252 -27.79507064819336 35.49044418334961
-4.403108596801758 -18.855575561523438 33.728843688964844
-11.212183952331543 -18.42254638671875 27.99551773071289
-12.085125923156738 -10.450081825256348 32.548561096191406
-7.839474201202393 -2.969921350479126 45.75270080566406
-5.996074199676514 19.104049682617188 42.23380661010742
5.437675952911377 -17.47661018371582 57.61222839355469
-17.947547912597656 -46.66018295288086 8.756269454956055
-11.870471954345703 -39.24171447753906 18.355514526367188
1.4619404077529907 -43.29041290283203 18.353769302368164
7.6584930419921875 -47.259464263916016 17.565929412841797
11.630424499511719 -45.48946762084961 18.32476806640625
18.663469314575195 -46.90855407714844 14.747661590576172
30.328046798706055 -45.00926208496094 5.427144527435303
21.475751876831055 -58.02186584472656 14.03333854675293
5.420674800872803 -60.25394058227539 16.490711212158203
-3.571572780609131 -58.54069137573242 15.311092376708984
-4.06475830078125 -50.2650260925293 13.237210273742676
6.684572219848633 -52.000648498535156 16.6260986328125
7.6584930419921875 -49.73764419555664 17.17793846130371
-3.1689937114715576 -52.12203598022461 13.333928108215332
6.993947505950928 -53.63750076293945 16.010251998901367
15.802520751953125 -52.44289779663086 14.22050952911377
2.608323097229004 -37.503868103027344 22.824405670166016
-10.341506958007812 -42.28831481933594 10.649002075195312
-33.82764434814453 -2.2883150577545166 31.199129104614258
-20.386531829833984 -20.983051300048828 22.08870506286621
-3.061570644378662 -47.28831481933594 14.489114761352539
8.428539276123047 -52.80825424194336 16.270263671875
14.465902328491211 -36.33122634887695 22.45535659790039
28.658493041992188 -9.679933547973633 25.381967544555664
33.65849304199219 -41.84889221191406 3.270263910293579
69.61307525634766 -37.28831481933594 -20.979154586791992
72.09968566894531 -37.28831481933594 -46.729736328125
