-55.93277359008789 21.254045486450195 6.7653889656066895
-44.95737838745117 28.863807678222656 18.04621696472168
-34.203895568847656 28.517093658447266 24.096837997436523
-23.006690979003906 26.48768424987793 28.526288986206055
-13.317471504211426 19.254011154174805 26.113964080810547
-23.223613739013672 20.368507385253906 21.122562408447266
-35.07893753051758 20.78261947631836 20.168664932250977
-45.734214782714844 19.887292861938477 15.176284790039062
62.61329650878906 15.736351013183594 -4.311328887939453
54.65460205078125 15.468708992004395 6.215690612792969
42.74913024902344 17.645002365112305 14.666678428649902
30.899465560913086 17.371360778808594 16.718259811401367
19.454025268554688 16.83936309814453 24.369056701660156
30.566234588623047 23.91448402404785 26.57007598876953
43.29997634887695 25.287731170654297 19.527545928955078
53.342567443847656 25.73921775817871 11.50723648071289
-43.706905364990234 5.319504737854004 4.956024169921875
-36.61643600463867 7.767502307891846 12.334504127502441
-28.5816650390625 6.943219184875488 13.416756629943848
-23.7247314453125 8.0362548828125 11.869837760925293
-16.49163055419922 5.680795192718506 7.744415760040283
-24.819744110107422 3.5673506259918213 8.586498260498047
-30.007287979125977 2.111131191253662 8.238486289978027
-36.202491760253906 2.3620972633361816 7.553493022918701
44.822906494140625 0.43723204731941223 1.2122488021850586
38.58604049682617 -0.6865561604499817 3.7151002883911133
32.980613708496094 -0.461043119430542 4.868407726287842
27.7795467376709 1.088031530380249 5.697419166564941
20.132312774658203 4.137730121612549 6.909282684326172
28.209123611450195 5.548080921173096 7.771731853485107
33.09893035888672 4.093802452087402 9.323695182800293
38.662113189697266 1.3759300708770752 7.475734710693359
-28.968360900878906 3.703890085220337 10.535886764526367
32.27857971191406 2.0098133087158203 6.93938684463501
13.133210182189941 1.17389976978302 18.568260192871094
16.490211486816406 -25.909931182861328 23.337100982666016
20.534887313842773 -36.25497817993164 9.211525917053223
16.307083129882812 -44.311031341552734 10.79609489440918
11.657712936401367 -42.06937026977539 20.20640754699707
1.9625052213668823 -47.76287078857422 19.854507446289062
-7.682217597961426 -41.08538818359375 18.645177841186523
-11.935746192932129 -43.19831848144531 11.17591667175293
-14.76229190826416 -35.09202575683594 11.544472694396973
-9.678921699523926 -25.711191177368164 23.948495864868164
-6.498630523681641 1.8374422788619995 18.687294006347656
3.5164642333984375 -37.01784133911133 38.83976745605469
-21.811735153198242 -68.75056457519531 0.7953734397888184
-12.88090991973877 -64.69349670410156 10.046241760253906
-4.047418594360352 -62.24995803833008 14.621092796325684
1.9814567565917969 -64.34700012207031 14.480149269104004
8.238227844238281 -63.15218734741211 14.33603572845459
15.838382720947266 -65.74967193603516 9.298763275146484
25.832597732543945 -69.82621765136719 -2.800530195236206
14.484983444213867 -75.29698181152344 6.030118942260742
2.7942419052124023 -75.98904418945312 9.044938087463379
-9.93655014038086 -74.38239288330078 6.65235710144043
-7.8655104637146 -67.90116119384766 7.782423973083496
2.2615036964416504 -68.46400451660156 9.352384567260742
11.597589492797852 -68.83084869384766 7.761801719665527
-7.644471168518066 -69.17015075683594 7.402830123901367
2.4392714500427246 -69.98936462402344 8.67013168334961
11.443320274353027 -69.85167694091797 7.507776260375977
-70.69058990478516 -27.82620620727539 -38.92091369628906
-62.433799743652344 -65.82621765136719 -36.55036926269531
-56.43379592895508 -83.82622528076172 -32.40861129760742
-43.35920715332031 -91.82622528076172 -18.92090606689453
-8.29442310333252 -113.23235321044922 0.07909999787807465
3.820589303970337 -109.89195251464844 2.192153215408325
11.700248718261719 -109.98522186279297 1.5665276050567627
40.56623840332031 -103.47480773925781 -30.920909881591797
54.01845169067383 -86.82622528076172 -45.92091751098633
63.414634704589844 -63.82621765136719 -60.920921325683594
66.56624603271484 -42.826210021972656 -63.188438415527344
