-57.37968826293945 62.915794372558594 47.941200256347656
-48.42673110961914 68.10845184326172 62.852622985839844
-37.78976058959961 66.90821838378906 70.0593490600586
-24.757354736328125 64.58201599121094 76.15621185302734
-14.056734085083008 57.76948165893555 72.14725494384766
-24.851146697998047 59.08274841308594 65.92591857910156
-37.370487213134766 58.06877136230469 63.92024612426758
-48.71060562133789 57.717803955078125 57.148616790771484
63.95415115356445 61.33963394165039 43.93894958496094
55.49259567260742 58.33416748046875 54.236671447753906
43.29576873779297 58.33018493652344 63.32038116455078
30.686721801757812 58.53802490234375 65.60475158691406
19.359630584716797 56.874061584472656 72.31270599365234
30.654916763305664 63.39490509033203 77.0357437133789
44.977909088134766 66.46387481689453 69.78993225097656
57.94440841674805 67.64225769042969 58.36023712158203
-43.542903900146484 48.86293029785156 48.432586669921875
-37.061790466308594 48.32061004638672 55.76643371582031
-30.699291229248047 48.54062271118164 58.2364616394043
-24.113037109375 49.879756927490234 56.7791633605957
-16.234031677246094 48.53653335571289 53.348480224609375
-24.804765701293945 45.90776443481445 53.099998474121094
-30.550559997558594 44.521217346191406 52.26690673828125
-36.55759048461914 45.087181091308594 50.90633010864258
46.82530212402344 47.2433967590332 49.6494140625
41.47208023071289 44.6640625 51.029754638671875
35.603050231933594 43.9453010559082 51.855308532714844
29.583545684814453 45.544822692871094 53.13785171508789
21.26706886291504 48.24972152709961 54.157344818115234
28.371944427490234 50.956199645996094 56.12724685668945
34.8232536315918 48.508731842041016 57.5403938293457
41.544273376464844 46.96938705444336 55.16706085205078
-30.342369079589844 46.593955993652344 54.7705078125
34.64433670043945 46.60670471191406 54.68128204345703
13.012521743774414 43.78683090209961 63.52721405029297
16.72164535522461 18.089378356933594 63.274574279785156
23.6413516998291 10.58574104309082 45.875732421875
19.27895164489746 3.9686312675476074 47.336082458496094
12.330845832824707 1.7213342189788818 54.6274528503418
1.9229016304016113 -2.9812381267547607 51.788021087646484
-8.404757499694824 3.5620834827423096 52.70745086669922
-13.119643211364746 5.2790327072143555 46.01225662231445
-16.134563446044922 12.384193420410156 50.14718246459961
-10.86391830444336 18.372926712036133 60.28884506225586
-6.68032693862915 44.129878997802734 62.58030319213867
3.1699323654174805 2.7584266662597656 74.53693389892578
-21.68032455444336 -9.8561429977417 25.12129783630371
-10.837149620056152 -12.051336288452148 39.0732421875
-4.616018295288086 -12.955122947692871 40.856807708740234
1.0503394603729248 -13.937792778015137 40.639625549316406
5.893125534057617 -13.818973541259766 41.49054718017578
16.08306884765625 -12.349263191223145 37.70713424682617
26.39879035949707 -13.693327903747559 25.64678955078125
16.843017578125 -24.22538185119629 30.840938568115234
5.832513332366943 -25.925134658813477 32.61924362182617
-8.036883354187012 -22.81120491027832 30.688091278076172
-7.407984256744385 -13.255488395690918 32.141021728515625
3.999302625656128 -18.12484359741211 33.45180130004883
12.097500801086426 -16.139883041381836 33.641231536865234
-7.853414058685303 -14.97007942199707 30.618160247802734
3.188748836517334 -17.47568130493164 33.408180236816406
11.445549011230469 -18.958288192749023 32.73109817504883
-66.26333618164062 12.188787460327148 -9.318703651428223
-14.680326461791992 -9.60484790802002 29.681285858154297
-11.184226036071777 18.296449661254883 59.77404022216797
-16.132957458496094 13.16502571105957 47.92566680908203
-6.68032693862915 -64.81119537353516 18.524673461914062
8.193028450012207 -65.76332092285156 17.990781784057617
16.294435501098633 -65.819580078125 16.743595123291016
21.278289794921875 -13.271154403686523 28.762603759765625
49.31966018676758 -25.447526931762695 4.506873607635498
-9.604205131530762 0.3882228434085846 47.49330520629883
69.8197250366211 -2.5720438957214355 -15.557868957519531
