-40.564762115478516 24.48185157775879 26.274826049804688
-29.618350982666016 34.74748611450195 30.006935119628906
-17.706497192382812 39.270606994628906 30.945463180541992
-6.018421173095703 40.20395278930664 30.511186599731445
3.6828248500823975 33.581424713134766 26.471094131469727
-4.457902431488037 31.579519271850586 27.610671997070312
-15.888587951660156 29.52691078186035 31.174701690673828
-28.50316619873047 25.324216842651367 31.030202865600586
63.30009078979492 28.726913452148438 -34.25905227661133
59.83887481689453 31.632314682006836 -16.821571350097656
54.579627990722656 33.56181335449219 -9.129050254821777
46.08745193481445 33.22511672973633 -1.6167666912078857
40.29648208618164 36.298248291015625 7.9747114181518555
47.361270904541016 43.584075927734375 0.9674389958381653
54.0498046875 43.16981506347656 -9.384042739868164
60.03697204589844 40.63610076904297 -23.053007125854492
-20.635160446166992 12.30195426940918 28.9056453704834
-11.327391624450684 17.08873176574707 29.206789016723633
-7.3598737716674805 19.49836540222168 27.141218185424805
-3.685995578765869 18.96834945678711 22.73604965209961
1.2791417837142944 15.97591495513916 16.356975555419922
-4.374700546264648 13.016559600830078 21.738540649414062
-8.12232494354248 11.340041160583496 24.975547790527344
-13.77243709564209 9.730698585510254 27.097517013549805
55.94776916503906 12.232454299926758 -15.258403778076172
51.44997787475586 11.682591438293457 -10.144527435302734
46.726295471191406 13.330862998962402 -5.503777980804443
41.532474517822266 15.21057415008545 -4.155478477478027
32.79609680175781 17.08131980895996 -0.7685373425483704
38.83623504638672 24.177186965942383 -2.8233249187469482
47.88762283325195 19.64336585998535 -4.585616111755371
53.11189270019531 16.57846450805664 -8.583320617675781
-6.9575629234313965 15.091109275817871 26.18912124633789
46.938907623291016 16.970537185668945 -4.1806559562683105
32.25171661376953 19.96409034729004 13.652070045471191
44.04827880859375 -3.626328706741333 25.096132278442383
44.52915573120117 -15.653632164001465 13.47390365600586
43.271690368652344 -24.033306121826172 18.609888076782227
44.14057159423828 -19.67140007019043 29.36962890625
37.39198303222656 -25.62405014038086 37.12289810180664
27.016382217407227 -18.927946090698242 37.83120346069336
18.387041091918945 -24.82525634765625 31.408647537231445
14.260697364807129 -17.072904586791992 30.713600158691406
23.164119720458984 -3.646955966949463 36.050479888916016
15.97703742980957 17.94313621520996 21.198307037353516
44.2714729309082 -6.077742099761963 51.417572021484375
7.600654125213623 -53.030982971191406 35.306068420410156
21.084964752197266 -43.946937561035156 39.29397964477539
31.135997772216797 -38.64644241333008 39.74574661254883
37.403770446777344 -40.05352020263672 37.88591766357422
42.51084899902344 -38.446746826171875 33.94115447998047
48.02494812011719 -42.918949127197266 24.513484954833984
50.093868255615234 -51.0825309753418 10.505814552307129
46.11261749267578 -53.78568649291992 26.0786075592041
36.70226287841797 -54.43203353881836 35.336727142333984
23.205181121826172 -55.08076477050781 39.068634033203125
24.415802001953125 -47.543304443359375 37.34709930419922
35.643192291259766 -46.83121109008789 34.324462890625
43.14723205566406 -46.5343132019043 27.31730079650879
24.549211502075195 -48.59896469116211 37.333499908447266
35.53290557861328 -48.044952392578125 34.142086029052734
43.080177307128906 -47.65849685668945 27.164257049560547
-73.859130859375 -45.306331634521484 -3.6023573875427246
-54.04697036743164 -67.04075622558594 8.379965782165527
-27.389245986938477 -83.20194244384766 23.377681732177734
-10.921040534973145 -87.09901428222656 30.08110809326172
13.61001968383789 -92.45597839355469 38.89715576171875
32.89664840698242 -87.47709655761719 41.53924560546875
52.9797477722168 -86.95632934570312 24.570104598999023
57.075321197509766 -80.16380310058594 -13.709463119506836
58.944393157958984 -71.74119567871094 -36.713844299316406
58.907875061035156 -50.844093322753906 -60.84312057495117
58.25990295410156 -45.201358795166016 -66.63236236572266
