-35.49367141723633 24.883098602294922 23.38434410095215
-26.593151092529297 33.2922248840332 25.969985961914062
-14.873534202575684 36.4101448059082 27.63344955444336
-2.779663562774658 37.65538024902344 27.7381534576416
7.7196478843688965 31.943498611450195 24.82059669494629
-2.6691625118255615 28.583641052246094 25.099210739135742
-13.816828727722168 27.266490936279297 28.2268009185791
-26.09296989440918 24.786911010742188 27.543123245239258
68.80281066894531 27.11924934387207 -30.201692581176758
65.74918365478516 28.062685012817383 -17.45464515686035
58.18789291381836 31.015647888183594 -7.074647903442383
49.8674430847168 30.729467391967773 -0.6789291501045227
40.01162338256836 35.35932159423828 12.168157577514648
50.622833251953125 39.94578170776367 2.2577006816864014
57.99773406982422 39.64287567138672 -7.559365272521973
65.59323120117188 35.9939079284668 -18.89870262145996
-22.123613357543945 9.454935073852539 24.71946144104004
-11.118693351745605 14.245804786682129 26.717580795288086
-6.119880676269531 15.587457656860352 25.191577911376953
-2.1649813652038574 15.056888580322266 21.860332489013672
4.076775074005127 13.513727188110352 14.854988098144531
-2.4041292667388916 10.624948501586914 20.195575714111328
-5.794433116912842 9.020524978637695 22.086132049560547
-12.618468284606934 8.773676872253418 25.087295532226562
61.07729721069336 9.276820182800293 -14.585362434387207
56.84786605834961 8.596516609191895 -9.847410202026367
51.52134704589844 10.551182746887207 -5.464217662811279
44.25702667236328 13.878739356994629 -3.3790202140808105
36.58676528930664 14.2472562789917 -0.5683684945106506
44.66717529296875 18.665122985839844 -3.1088874340057373
46.95025634765625 21.679176330566406 -3.2468128204345703
58.25737380981445 11.771527290344238 -8.278882026672363
-5.866515636444092 12.321704864501953 24.532880783081055
49.1063117980957 16.7952880859375 -3.2112061977386475
35.31602096557617 16.654369354248047 12.57302474975586
45.78683853149414 -5.475135326385498 22.676836013793945
49.20724105834961 -16.40941619873047 12.215243339538574
47.03760528564453 -24.270544052124023 16.29084014892578
45.896358489990234 -21.754945755004883 27.190990447998047
38.15018844604492 -27.80889892578125 34.361202239990234
25.36951446533203 -22.262088775634766 34.522361755371094
17.177291870117188 -25.340295791625977 29.11092185974121
13.78858757019043 -17.410686492919922 29.35893440246582
23.380281448364258 -5.707103252410889 33.438148498535156
17.802194595336914 15.097769737243652 19.2121639251709
45.00133514404297 -9.943852424621582 50.43738555908203
1.356156587600708 -48.4658088684082 26.819072723388672
18.70458984375 -42.381221771240234 34.38740158081055
30.908720016479492 -38.471702575683594 34.120399475097656
37.79826354980469 -39.73957824707031 31.778663635253906
42.95811462402344 -38.12223815917969 27.32528305053711
48.8325309753418 -40.90598678588867 19.012237548828125
51.7435302734375 -46.956119537353516 4.1212568283081055
48.56142044067383 -52.202335357666016 22.245166778564453
38.555362701416016 -52.70128631591797 32.36024856567383
22.625099182128906 -53.415504455566406 35.509883880615234
23.221923828125 -46.121273040771484 32.84055709838867
36.95606231689453 -45.230201721191406 30.608009338378906
45.3035774230957 -44.851688385009766 22.477264404296875
23.81509780883789 -46.851802825927734 32.9844856262207
37.02839279174805 -46.16762161254883 30.51665496826172
45.16929244995117 -46.20949935913086 22.701465606689453
-63.74640655517578 -61.03560256958008 -8.439911842346191
-54.489681243896484 -70.11744689941406 -0.576078474521637
-26.340763092041016 -84.21339416503906 18.901439666748047
-6.056999206542969 -88.73473358154297 27.704151153564453
18.76318359375 -91.9804916381836 38.818084716796875
40.48625183105469 -91.92384338378906 36.503517150878906
55.78103256225586 -92.3892593383789 15.833548545837402
57.40522384643555 -84.5836181640625 -10.76356315612793
62.476356506347656 -78.30770874023438 -34.22538375854492
63.21664047241211 -70.30918884277344 -55.422264099121094
60.74583435058594 -59.509483337402344 -72.29397583007812
