-58.547096252441406 46.41644287109375 -4.809732913970947
-53.49082565307617 58.54481506347656 2.299684762954712
-45.152931213378906 64.58405303955078 13.512051582336426
-35.16944885253906 67.28761291503906 22.58962631225586
-26.23475456237793 61.602657318115234 26.868209838867188
-34.03376388549805 58.28041076660156 21.411916732788086
-44.16594696044922 56.953277587890625 15.938937187194824
-53.41417694091797 51.472042083740234 7.300921440124512
56.29923629760742 66.17247009277344 16.33208465576172
45.365264892578125 66.36581420898438 26.302274703979492
33.24688720703125 67.65731048583984 29.952720642089844
21.666833877563477 65.78746795654297 31.096036911010742
11.543540000915527 67.07206726074219 33.56603240966797
19.88124656677246 74.75330352783203 32.803707122802734
32.883323669433594 76.2013168334961 28.3066463470459
45.01252365112305 74.69657897949219 22.192733764648438
-45.72591781616211 34.11769104003906 10.95327377319336
-41.52642822265625 40.63374710083008 17.810749053955078
-37.28705596923828 46.2169189453125 20.16718292236328
-25.867523193359375 43.84934997558594 20.46879005432129
-19.62775421142578 40.22104263305664 19.514469146728516
-27.482759475708008 37.64693832397461 20.245468139648438
-32.894344329833984 35.533084869384766 19.822044372558594
-39.32923126220703 34.52410125732422 17.157983779907227
40.55880355834961 45.85660171508789 28.13704490661621
33.99505615234375 43.82461929321289 30.370107650756836
28.046945571899414 43.43609619140625 30.48767852783203
22.357412338256836 43.577816009521484 29.054473876953125
13.630463600158691 44.58811950683594 25.58622932434082
21.42664909362793 48.518558502197266 29.823490142822266
26.650768280029297 49.32960510253906 32.58503723144531
32.84233474731445 48.345130920410156 32.5516471862793
-32.20915222167969 38.58879089355469 21.16851806640625
27.306020736694336 46.08723831176758 31.128713607788086
3.9787771701812744 47.010292053222656 33.74311447143555
7.723472595214844 30.259414672851562 52.78990936279297
16.897430419921875 18.85660743713379 48.57512664794922
15.09972858428955 10.940077781677246 52.088966369628906
6.5822978019714355 12.791629791259766 57.4489631652832
-4.716148853302002 7.3306684494018555 57.701446533203125
-16.033294677734375 9.849406242370605 53.649723052978516
-20.028156280517578 5.263815402984619 44.535919189453125
-22.36423110961914 11.56183910369873 41.29852294921875
-19.073789596557617 25.078256607055664 46.21318435668945
-12.760663032531738 43.7008171081543 29.540624618530273
-8.909368515014648 21.58063507080078 68.54195404052734
-27.53543472290039 -20.263721466064453 34.77194595336914
-18.689144134521484 -10.534502029418945 52.65465545654297
-9.80843448638916 -5.566827297210693 58.80043029785156
-3.182258129119873 -5.918752193450928 61.0501594543457
3.614027738571167 -3.4344279766082764 61.28160858154297
13.811220169067383 -4.699214935302734 59.7376708984375
29.882389068603516 -10.849665641784668 48.251190185546875
11.836915016174316 -14.565847396850586 63.343475341796875
-1.5334224700927734 -16.921236038208008 64.06051635742188
-14.11286735534668 -19.545873641967773 57.35134506225586
-13.173251152038574 -12.611403465270996 55.76682662963867
-2.4020960330963135 -10.13526725769043 60.43062210083008
8.871003150939941 -8.515676498413086 60.43818283081055
-12.710502624511719 -13.788488388061523 56.4090690612793
-2.2495205402374268 -11.59038257598877 60.671051025390625
8.656774520874023 -9.775032043457031 60.824745178222656
-50.26356887817383 -40.9256591796875 -31.93439292907715
-47.17707443237305 -50.669708251953125 -19.98504066467285
-36.81064224243164 -57.14337921142578 14.128716468811035
-27.061416625976562 -56.913082122802734 37.93223571777344
-13.83199691772461 -55.42279815673828 62.14583206176758
5.299468040466309 -54.27122116088867 70.21482849121094
26.191953659057617 -51.79871368408203 67.59054565429688
47.2685546875 -46.52446365356445 48.057716369628906
62.18830108642578 -43.1301383972168 31.764720916748047
76.45196533203125 -38.50361633300781 10.27263355255127
84.1683349609375 -26.973772048950195 -12.451179504394531
