-50.24678039550781 75.61958312988281 -0.2264954298734665
-41.669769287109375 89.316650390625 7.6395721435546875
-30.669410705566406 94.49530029296875 16.864412307739258
-17.765825271606445 95.16302490234375 24.94301414489746
-8.028922080993652 87.20980834960938 27.604591369628906
-18.058929443359375 85.1533203125 23.213397979736328
-29.961103439331055 85.18258666992188 19.670543670654297
-41.763614654541016 80.94042205810547 12.196855545043945
71.39635467529297 76.13836669921875 -2.40749192237854
61.710693359375 79.555908203125 11.341314315795898
50.73139572143555 83.68547821044922 18.148469924926758
39.920902252197266 83.82933044433594 21.358978271484375
29.314834594726562 86.87823486328125 26.613679885864258
39.22480773925781 93.2936782836914 24.20149803161621
52.044925689697266 92.57430267333984 16.517730712890625
64.04219055175781 87.87248229980469 6.093667507171631
-35.62515640258789 63.768184661865234 14.74187183380127
-29.473899841308594 69.53923797607422 20.615337371826172
-20.597843170166016 70.6795654296875 23.72066307067871
-13.683069229125977 69.74119567871094 22.061552047729492
-6.510284900665283 65.53085327148438 18.440120697021484
-13.8817777633667 63.7630615234375 20.908077239990234
-20.953432083129883 62.814186096191406 22.00446128845215
-23.769832611083984 62.05606460571289 21.431447982788086
53.20375061035156 60.9046630859375 15.486894607543945
47.14468765258789 60.14796829223633 18.52402687072754
41.95589828491211 61.79502868652344 20.257566452026367
35.52804946899414 63.190242767333984 19.38119888305664
26.8546085357666 64.89116668701172 17.352006912231445
35.184688568115234 68.66922760009766 20.14129066467285
40.91121292114258 68.07958984375 22.11154556274414
47.46695327758789 63.5084342956543 20.73483657836914
-19.698644638061523 65.4320297241211 23.452619552612305
39.016624450683594 68.62562561035156 21.71359634399414
19.81572151184082 68.87751770019531 28.574462890625
24.848604202270508 50.199684143066406 45.48844909667969
30.732444763183594 36.60097885131836 39.85887908935547
27.578433990478516 28.928590774536133 44.21318435668945
21.622018814086914 33.91798400878906 53.27050018310547
9.699440002441406 29.231098175048828 54.129642486572266
-1.6650464534759521 33.03681564331055 50.16531753540039
-6.834322452545166 28.548675537109375 44.237789154052734
-11.04296875 34.039955139160156 38.404754638671875
-3.9596543312072754 48.921348571777344 44.4211311340332
2.2420637607574463 68.34262084960938 26.950469970703125
9.00828742980957 44.861934661865234 64.7568130493164
-17.97257423400879 2.5627968311309814 44.93645095825195
-7.857264041900635 12.325030326843262 54.29563903808594
2.3066532611846924 17.471818923950195 58.4454345703125
9.594389915466309 16.29322624206543 59.42763137817383
16.44239044189453 17.59372901916504 58.28596878051758
26.030651092529297 13.204061508178711 54.37090301513672
36.31746292114258 3.3707449436187744 44.116973876953125
23.328615188598633 0.6606981158256531 57.401676177978516
10.007365226745605 0.7337759733200073 61.100093841552734
-4.105147361755371 0.3466798961162567 57.352413177490234
-2.4178099632263184 9.365092277526855 55.16810607910156
9.26061725616455 10.39885139465332 57.72188949584961
20.448240280151367 9.957651138305664 55.58674240112305
-2.114060640335083 8.199424743652344 55.679222106933594
9.312663078308105 8.715859413146973 57.7633056640625
20.35941505432129 8.973982810974121 56.07710647583008
-57.65822219848633 -8.420930862426758 -9.950653076171875
-52.76988983154297 -19.26747703552246 -0.9661670923233032
-39.64207077026367 -29.777925491333008 17.879854202270508
-26.916566848754883 -31.61591339111328 37.81718826293945
-10.3880615234375 -32.042354583740234 58.04240036010742
11.489028930664062 -32.24869155883789 63.933982849121094
34.6377067565918 -36.799835205078125 53.056396484375
48.29230880737305 -36.1752815246582 30.870384216308594
60.64417266845703 -34.42201614379883 7.804469585418701
66.32840728759766 -34.15837097167969 -11.781620979309082
72.41507720947266 -24.756088256835938 -30.83333969116211
