-50.04875183105469 17.70447540283203 -25.804290771484375
-48.22858810424805 26.927318572998047 -17.658859252929688
-42.78435134887695 32.482173919677734 -8.256428718566895
-34.92202377319336 35.822731018066406 0.07062000781297684
-25.46778106689453 31.441011428833008 5.366112232208252
-33.09029769897461 27.955684661865234 -2.4967153072357178
-41.350799560546875 24.72428321838379 -9.095133781433105
-46.8284912109375 21.103036880493164 -17.314167022705078
51.95181655883789 38.562015533447266 20.45792007446289
40.049827575683594 39.49066925048828 23.808727264404297
28.46709442138672 40.567718505859375 23.7311954498291
17.377395629882812 39.13234329223633 21.21599578857422
5.9682183265686035 38.39925765991211 20.90097427368164
13.2240571975708 46.17315673828125 24.199726104736328
26.492366790771484 47.68348693847656 24.85652732849121
38.87824249267578 46.86833572387695 23.920482635498047
-38.73180389404297 8.920872688293457 -18.009811401367188
-36.27886962890625 14.564796447753906 -9.80749225616455
-32.828495025634766 17.080429077148438 -6.54439640045166
-26.495365142822266 17.819976806640625 -4.785201549530029
-18.2814884185791 14.329594612121582 -3.805891990661621
-25.859201431274414 11.868035316467285 -5.485461235046387
-30.519182205200195 9.734469413757324 -7.482436180114746
-34.68268585205078 9.253469467163086 -10.817262649536133
36.52793884277344 23.751476287841797 21.796804428100586
30.59247589111328 21.989948272705078 21.602434158325195
25.381668090820312 21.21322250366211 19.956022262573242
21.008798599243164 21.32439422607422 16.40146255493164
13.344486236572266 21.271360397338867 12.274656295776367
19.572431564331055 26.153934478759766 17.148286819458008
23.836267471313477 27.65118408203125 20.595897674560547
29.92575454711914 27.31564712524414 21.979753494262695
-30.946826934814453 13.776948928833008 -6.586867332458496
24.264606475830078 24.446144104003906 20.368305206298828
0.1450742930173874 21.377788543701172 19.528926849365234
-0.37441107630729675 -0.8709478974342346 34.99065399169922
11.310439109802246 -9.840740203857422 29.608623504638672
8.379172325134277 -18.992042541503906 31.990753173828125
-2.3560450077056885 -16.731252670288086 38.256317138671875
-10.09907054901123 -22.57573890686035 34.9928092956543
-21.253705978393555 -18.12958335876465 32.69713592529297
-18.66248893737793 -24.359689712524414 18.339975357055664
-20.44805908203125 -17.89099884033203 14.664681434631348
-21.8563289642334 -5.072922706604004 24.503704071044922
-14.9149751663208 17.464582443237305 10.38101577758789
-19.901611328125 -6.886693000793457 47.780677795410156
-22.01686668395996 -52.7293701171875 7.535965919494629
-17.98319435119629 -43.292327880859375 23.75985336303711
-12.727763175964355 -38.696475982666016 31.61334991455078
-6.847157001495361 -39.012298583984375 35.18097686767578
-0.4018651843070984 -35.706783294677734 37.442237854003906
10.40982723236084 -36.652103424072266 36.62236404418945
27.307167053222656 -40.17439270019531 29.277212142944336
8.883624076843262 -46.27688980102539 40.19887161254883
-5.403145790100098 -50.321449279785156 37.935062408447266
-15.798544883728027 -53.01004409790039 27.81083106994629
-14.271791458129883 -45.88865661621094 26.321443557739258
-5.308952331542969 -42.8688850402832 33.193904876708984
5.985224723815918 -40.379764556884766 36.02824401855469
-13.847637176513672 -47.04861068725586 26.75917625427246
-4.962956428527832 -44.59665298461914 33.19158172607422
5.392563819885254 -41.55226135253906 36.337799072265625
-31.828495025634766 -55.896949768066406 -60.12028121948242
-30.828495025634766 -74.37911987304688 -39.19728088378906
-25.231555938720703 -84.89694213867188 -21.197284698486328
-20.18028450012207 -90.89694213867188 -1.7574713230133057
-14.255377769470215 -92.89694213867188 28.80270767211914
2.989928960800171 -89.40394592285156 41.016136169433594
25.647104263305664 -85.71154022216797 43.58411407470703
47.17148971557617 -78.0375747680664 28.872438430786133
68.18597412109375 -71.94088745117188 14.866801261901855
76.5201644897461 -71.66255950927734 3.1518099308013916
93.26029205322266 -35.89695358276367 -12.197285652160645
