-44.11480712890625 13.588593482971191 -26.962629318237305
-42.11457824707031 24.56320571899414 -17.711862564086914
-36.35926055908203 30.187244415283203 -7.780509948730469
-26.105619430541992 35.33295440673828 2.502594470977783
-18.044986724853516 29.28203773498535 5.762907981872559
-25.705158233642578 25.472562789916992 -2.2544827461242676
-34.076995849609375 21.297521591186523 -9.143742561340332
-40.330528259277344 16.94814109802246 -17.304954528808594
60.25459671020508 35.275821685791016 19.240867614746094
47.26577377319336 37.00389099121094 23.327287673950195
34.090858459472656 38.96865463256836 23.385377883911133
22.759740829467773 37.521148681640625 20.772184371948242
11.560857772827148 37.13797378540039 20.51730728149414
18.597360610961914 44.98802947998047 23.92908477783203
32.40876388549805 46.40713119506836 24.914133071899414
47.5140380859375 45.16139602661133 23.533992767333984
-32.64280700683594 7.014060020446777 -15.740891456604004
-30.477848052978516 13.329671859741211 -8.482982635498047
-25.217002868652344 16.786033630371094 -4.552541732788086
-19.080944061279297 16.31242561340332 -3.1720361709594727
-12.105928421020508 12.460193634033203 -2.844770669937134
-19.233980178833008 9.384190559387207 -3.6480956077575684
-24.1413631439209 7.3645219802856445 -4.959900856018066
-27.486989974975586 7.341032028198242 -7.105208396911621
42.1942253112793 20.97572898864746 22.617053985595703
37.04135513305664 18.8746280670166 22.16719627380371
32.95539093017578 18.460363388061523 21.410654067993164
27.464685440063477 18.961952209472656 17.69633674621582
19.334796905517578 19.080060958862305 13.442234992980957
26.086210250854492 24.214969635009766 18.816614151000977
30.097171783447266 25.11646842956543 22.089920043945312
36.12627410888672 23.613059997558594 23.266620635986328
-23.81513023376465 12.20776653289795 -4.005741596221924
30.632165908813477 21.540117263793945 21.89171028137207
5.873056411743164 20.565940856933594 20.803916931152344
5.458288669586182 -1.6282684803009033 37.69104766845703
15.737380027770996 -11.18516731262207 32.86252212524414
12.17887020111084 -20.37396812438965 35.99710464477539
2.3256759643554688 -16.82079315185547 41.62793731689453
-5.6817402839660645 -21.98220443725586 39.3228645324707
-14.096909523010254 -19.684049606323242 33.496891021728516
-13.154342651367188 -24.8398494720459 22.627941131591797
-14.917217254638672 -18.458194732666016 18.786386489868164
-16.69394302368164 -5.273115634918213 27.42239761352539
-9.188115119934082 16.316150665283203 11.810493469238281
-14.846488952636719 -5.080483913421631 50.72098922729492
-17.454246520996094 -54.96544647216797 16.555065155029297
-13.573144912719727 -44.18272399902344 29.52518081665039
-9.259730339050293 -38.00389862060547 37.831050872802734
-3.963709831237793 -37.930912017822266 41.87329864501953
1.7055444717407227 -35.38969802856445 44.36351013183594
12.601839065551758 -37.69894790649414 44.208431243896484
26.73126220703125 -43.68539047241211 41.469905853271484
10.68011474609375 -48.29754638671875 48.92398452758789
-2.3250010013580322 -51.362213134765625 45.85453414916992
-12.555932998657227 -53.99887466430664 35.72193145751953
-9.821778297424316 -46.56723403930664 32.436744689941406
-1.6893582344055176 -43.06739044189453 39.87740707397461
9.217263221740723 -41.61307907104492 42.055755615234375
-9.548808097839355 -47.724891662597656 33.10432815551758
-1.1215919256210327 -45.385108947753906 39.88240051269531
8.943809509277344 -42.73378372192383 43.0079345703125
-31.017412185668945 -54.18272399902344 -49.372047424316406
-25.521394729614258 -79.1827163696289 -26.372051239013672
-20.141529083251953 -89.1827163696289 -11.372053146362305
-16.694820404052734 -92.1827163696289 7.791866779327393
-10.421360969543457 -93.1827163696289 37.62793731689453
5.004457950592041 -89.58456420898438 48.58107376098633
24.282136917114258 -87.30709838867188 53.50589370727539
50.83283996582031 -82.1827163696289 38.62793731689453
74.0142593383789 -72.18272399902344 22.627941131591797
89.9900894165039 -53.18272399902344 8.62794303894043
98.13520050048828 -45.18272399902344 -6.3720550537109375
