-54.18460464477539 35.068626403808594 -12.868246078491211
-46.86530685424805 47.709720611572266 -7.031346797943115
-35.13082504272461 52.83977127075195 1.306674599647522
-23.37412452697754 54.36238098144531 8.877208709716797
-14.71929931640625 47.6444091796875 12.175058364868164
-24.143260955810547 44.59685134887695 6.497401237487793
-35.85166549682617 43.50299835205078 2.7529308795928955
-45.87479782104492 39.37697219848633 -3.328584909439087
63.90376281738281 38.268035888671875 -7.029984951019287
55.57326126098633 42.251304626464844 0.6413367986679077
44.57727813720703 47.01638412475586 5.8068952560424805
31.314067840576172 46.72856140136719 8.12940502166748
19.36066246032715 48.885257720947266 12.687704086303711
29.907939910888672 56.563358306884766 10.520861625671387
44.99857711791992 56.41400146484375 3.8948609828948975
57.298095703125 50.438377380371094 -3.365736722946167
-40.5689697265625 23.453392028808594 -2.2582807540893555
-35.103389739990234 29.87148094177246 1.5059229135513306
-28.477567672729492 32.588714599609375 3.568467855453491
-22.546127319335938 31.156583786010742 3.5437378883361816
-14.32828426361084 26.771312713623047 2.278801679611206
-21.881004333496094 25.212650299072266 3.9862773418426514
-28.775102615356445 23.259227752685547 4.6803879737854
-31.427885055541992 23.383251190185547 4.157797336578369
48.33965301513672 27.823558807373047 3.0072169303894043
40.46635818481445 25.19919204711914 7.6084208488464355
34.38100051879883 26.59816551208496 8.61265754699707
28.22926139831543 26.78497886657715 6.76833438873291
18.938932418823242 28.001224517822266 4.293130397796631
28.15910530090332 33.119380950927734 6.362026691436768
35.73539352416992 35.41020965576172 7.853552341461182
43.22113037109375 33.1866340637207 6.244451999664307
-27.925537109375 28.59360694885254 4.79323673248291
34.07388687133789 31.251970291137695 8.667591094970703
10.121302604675293 31.430967330932617 14.362065315246582
11.575155258178711 13.549341201782227 34.856712341308594
17.688268661499023 -0.22210538387298584 29.038070678710938
13.884822845458984 -6.931363105773926 34.90523910522461
8.21945571899414 3.497251510620117 44.44270324707031
-0.5899385213851929 -5.041818141937256 42.191749572753906
-8.79102611541748 1.2030606269836426 39.43141555786133
-12.766304969787598 -8.060890197753906 31.425586700439453
-14.100628852844238 -1.1476414203643799 26.70686149597168
-10.06464672088623 13.01806354522705 32.99970245361328
-5.460666656494141 30.32525062561035 13.090386390686035
-3.4156274795532227 15.939692497253418 53.3521842956543
-27.547861099243164 -33.758636474609375 35.363887786865234
-17.050731658935547 -23.791484832763672 43.03310775756836
-8.190698623657227 -18.15022087097168 46.524391174316406
-2.314011573791504 -19.222206115722656 48.74443054199219
4.207046985626221 -18.307762145996094 48.41132354736328
13.230268478393555 -23.483295440673828 47.46767807006836
23.733369827270508 -33.0023307800293 42.17095947265625
10.265067100524902 -37.239078521728516 56.09757995605469
-4.674572467803955 -37.16547775268555 59.1905632019043
-18.307371139526367 -36.822906494140625 52.9348258972168
-14.334309577941895 -28.553321838378906 44.96866989135742
-3.195406913757324 -26.931358337402344 50.16022491455078
9.176619529724121 -28.712657928466797 48.39213180541992
-14.988694190979004 -29.83621597290039 46.44672775268555
-3.298133373260498 -28.794519424438477 50.791961669921875
9.203913688659668 -29.954397201538086 49.3321533203125
-52.86595916748047 -69.7914047241211 -44.27337646484375
-45.52973175048828 -82.23213195800781 -27.172990798950195
-40.618736267089844 -83.12952423095703 -3.030740737915039
-36.4322624206543 -83.54254150390625 25.02229881286621
-23.10157585144043 -84.49755096435547 51.47486877441406
-6.880335807800293 -83.16653442382812 57.65142822265625
17.991670608520508 -83.1907958984375 51.73173904418945
35.15460968017578 -77.23056030273438 37.099853515625
53.91004943847656 -71.31417846679688 17.693967819213867
63.77479934692383 -65.54041290283203 7.583077907562256
75.31452941894531 -36.96163558959961 -29.58087921142578
