-47.41524124145508 45.4426383972168 20.933197021484375
-37.38449478149414 51.864776611328125 25.61189842224121
-24.828845977783203 53.356868743896484 27.10381317138672
-10.876385688781738 51.91481399536133 27.711135864257812
-2.941951274871826 43.76367950439453 24.778993606567383
-14.31575870513916 44.5593147277832 24.65198516845703
-26.451324462890625 46.67366027832031 26.41324234008789
-37.89775085449219 45.17015838623047 25.28761863708496
52.15080642700195 24.701663970947266 -31.033044815063477
50.27267074584961 28.88042449951172 -17.583873748779297
42.78020095825195 35.17514419555664 -5.856276035308838
33.0606575012207 35.8968391418457 1.9622695446014404
26.31728744506836 37.22017288208008 10.948042869567871
35.318355560302734 43.46070861816406 6.486147403717041
44.17245101928711 41.677852630615234 -4.765505790710449
51.978607177734375 36.53328323364258 -19.28152084350586
-34.894710540771484 31.29619789123535 23.812847137451172
-26.01945686340332 33.32249069213867 25.208492279052734
-20.42559814453125 33.34832000732422 23.735008239746094
-16.493284225463867 32.26908874511719 20.136960983276367
-10.698135375976562 27.461933135986328 16.424701690673828
-18.325054168701172 27.370412826538086 19.7795352935791
-22.434368133544922 27.375329971313477 21.897722244262695
-27.61954689025879 28.65802001953125 23.58492088317871
41.330631256103516 15.694458961486816 -13.88505744934082
36.9772834777832 15.970654487609863 -9.186990737915039
32.298152923583984 16.841754913330078 -6.1141767501831055
27.226566314697266 18.56668472290039 -3.9819936752319336
20.21619987487793 22.02796173095703 0.7774280905723572
21.777318954467773 30.19340705871582 1.6469444036483765
25.743928909301758 30.671154022216797 -0.5128953456878662
39.01677322387695 20.913272857666016 -6.932474613189697
-21.220901489257812 29.8691349029541 22.549728393554688
25.72735595703125 23.94257354736328 -3.1023871898651123
18.239042282104492 25.030258178710938 15.087200164794922
24.193313598632812 4.261755466461182 28.910503387451172
22.31029510498047 -7.756320476531982 18.92144775390625
20.103300094604492 -16.296281814575195 24.18503189086914
19.9245548248291 -9.8184232711792 35.57049560546875
11.176286697387695 -13.050054550170898 39.524532318115234
3.393707513809204 -6.191368579864502 43.697998046875
-5.426800727844238 -9.622577667236328 35.27771759033203
-6.9502739906311035 -2.2034668922424316 33.58708953857422
2.1812002658843994 7.48827600479126 38.08300018310547
2.7984626293182373 26.569812774658203 21.04496192932129
18.79637908935547 2.1692628860473633 51.39011001586914
-24.11164665222168 -31.5754337310791 33.197086334228516
-8.398673057556152 -28.608484268188477 42.03154754638672
2.2542717456817627 -25.017498016357422 45.18210983276367
8.266507148742676 -27.54486846923828 44.5938606262207
14.042051315307617 -27.48134422302246 41.799625396728516
19.099952697753906 -34.30265808105469 34.21852493286133
21.974809646606445 -44.033180236816406 22.39609718322754
14.368304252624512 -46.521263122558594 35.73554229736328
4.39130973815918 -44.199954986572266 43.94488525390625
-9.77944278717041 -40.47047424316406 44.875850677490234
-7.79264497756958 -32.51456832885742 40.58253860473633
4.809081554412842 -35.15349578857422 41.18503189086914
11.862588882446289 -37.24393081665039 36.42588424682617
-7.185696601867676 -33.73777389526367 41.18503189086914
4.633493900299072 -36.47359085083008 40.83736038208008
12.83573055267334 -39.08632278442383 34.83877944946289
-84.5673828125 -19.871917724609375 -10.012635231018066
-78.65000915527344 -38.87192153930664 0.18502900004386902
-60.96992492675781 -55.87192153930664 14.185029983520508
-48.281951904296875 -59.87192153930664 23.18503189086914
-3.5673770904541016 -80.8719253540039 39.798831939697266
0.9149077534675598 -77.12451171875 39.98716735839844
13.733498573303223 -79.8719253540039 25.18503189086914
12.432624816894531 -82.2844009399414 -23.814973831176758
14.649124145507812 -75.39119720458984 -50.47088623046875
18.818191528320312 -72.8719253540039 -49.47523498535156
25.402297973632812 -38.13963317871094 -79.58377838134766
