-53.59395217895508 41.303043365478516 18.520429611206055
-41.652671813964844 49.40363311767578 21.45829963684082
-28.651159286499023 50.079315185546875 22.456586837768555
-15.739280700683594 48.6596794128418 20.447587966918945
-7.0016984939575195 41.80519104003906 15.508313179016113
-18.386943817138672 39.98856735229492 17.576904296875
-29.18993377685547 41.56646728515625 22.086782455444336
-41.20817947387695 41.05873489379883 22.5654296875
46.00250244140625 25.833080291748047 -48.84169387817383
44.950523376464844 29.113588333129883 -34.659446716308594
39.218772888183594 31.903427124023438 -23.84037971496582
31.222108840942383 33.441646575927734 -15.723350524902344
25.85051727294922 36.908416748046875 -5.689619064331055
34.04720687866211 41.173709869384766 -11.778493881225586
41.58521270751953 39.86774444580078 -23.06705093383789
46.649017333984375 36.65279769897461 -36.5665397644043
-39.82642364501953 25.588890075683594 19.805803298950195
-29.791553497314453 28.319881439208984 20.97772789001465
-23.406949996948242 29.28290557861328 19.007732391357422
-19.139341354370117 28.380821228027344 14.784003257751465
-13.571976661682129 24.706300735473633 9.654372215270996
-19.839004516601562 23.518157958984375 14.417704582214355
-24.717811584472656 22.58875846862793 17.631122589111328
-31.73381805419922 23.34459114074707 19.77659034729004
37.39069747924805 13.699348449707031 -31.392358779907227
33.99333953857422 13.250334739685059 -24.746797561645508
29.60942840576172 14.236995697021484 -19.899900436401367
25.203153610229492 16.459976196289062 -17.170047760009766
19.17976951599121 19.534095764160156 -12.530982971191406
26.218259811401367 22.155412673950195 -16.430004119873047
31.63608741760254 20.994102478027344 -18.87303924560547
35.691802978515625 18.393428802490234 -23.689664840698242
-23.904464721679688 25.790510177612305 18.328094482421875
30.470638275146484 17.332809448242188 -19.49246597290039
17.637266159057617 22.742040634155273 1.4254945516586304
25.686803817749023 1.887126088142395 12.41043472290039
26.390701293945312 -11.336050987243652 2.7543184757232666
24.715665817260742 -18.16771125793457 9.66783332824707
26.076135635375977 -10.274206161499023 21.21622657775879
16.47229766845703 -15.707964897155762 27.002492904663086
8.561635971069336 -7.5507073402404785 32.22140884399414
-2.609292984008789 -14.057126998901367 28.413536071777344
-7.918776988983154 -7.0980048179626465 26.406497955322266
3.407073497772217 4.28856897354126 27.73760414123535
0.5150195360183716 24.81536102294922 12.278446197509766
23.72665786743164 2.4578304290771484 35.66850280761719
-17.72867202758789 -40.8317985534668 32.420230865478516
-1.0119171142578125 -33.269649505615234 36.17802429199219
10.4735689163208 -29.25257110595703 32.778316497802734
16.848031997680664 -31.312681198120117 29.47874641418457
21.86235237121582 -30.781681060791016 24.3834171295166
26.968664169311523 -36.603763580322266 15.886261940002441
26.814327239990234 -46.68965148925781 -0.021166719496250153
25.12301254272461 -49.136775970458984 19.649686813354492
16.019624710083008 -47.530635833740234 31.856842041015625
1.988372564315796 -45.97883605957031 36.91648864746094
2.788315773010254 -38.153106689453125 33.53519058227539
14.416624069213867 -38.26709747314453 28.1464900970459
22.022552490234375 -40.04682540893555 20.206844329833984
2.962567090988159 -39.260658264160156 33.73586654663086
14.252176284790039 -39.705650329589844 28.141019821166992
21.99492073059082 -41.45420837402344 20.25593376159668
-89.02853393554688 -43.411094665527344 -2.9974989891052246
-73.65856170654297 -65.41108703613281 10.002497673034668
-48.609283447265625 -70.41108703613281 27.260549545288086
-29.609285354614258 -80.2999038696289 33.53932571411133
-7.260063171386719 -85.76031494140625 38.29214096069336
12.261418342590332 -89.41107940673828 31.284624099731445
21.390701293945312 -91.2472915649414 15.002496719360352
26.684555053710938 -85.41108703613281 -17.997495651245117
27.70765495300293 -80.41108703613281 -33.997493743896484
21.390701293945312 -78.61064147949219 -58.99748611450195
23.390701293945312 -67.41108703613281 -68.3616943359375
