-51.44572067260742 51.24990463256836 9.888699531555176
-41.30895233154297 63.079559326171875 15.329340934753418
-28.589998245239258 66.08309936523438 19.469236373901367
-13.872851371765137 66.03939056396484 22.28919219970703
-5.194835662841797 58.8360710144043 21.62931251525879
-15.612667083740234 56.72272491455078 18.24378776550293
-26.396337509155273 56.502662658691406 18.64952850341797
-39.89225387573242 53.89692687988281 16.65861701965332
61.76018524169922 51.64221954345703 -24.09818458557129
56.15180587768555 54.36180877685547 -13.38565444946289
47.165000915527344 57.817291259765625 -4.308779239654541
35.73158645629883 57.29722213745117 1.852366328239441
27.369094848632812 58.688194274902344 9.953229904174805
36.78424072265625 66.63632202148438 6.132644176483154
47.863285064697266 67.23637390136719 -3.500227212905884
57.05644226074219 63.66098403930664 -16.249589920043945
-35.25089645385742 37.490047454833984 13.699825286865234
-26.945236206054688 42.51254653930664 16.752920150756836
-20.665699005126953 44.59925842285156 16.069068908691406
-15.621475219726562 43.641212463378906 13.24697208404541
-9.310778617858887 40.17839813232422 9.179632186889648
-16.221757888793945 37.67754364013672 12.58725357055664
-21.152708053588867 36.39817428588867 14.443707466125488
-26.82518768310547 35.911991119384766 15.095353126525879
48.433006286621094 39.625511169433594 -9.304736137390137
43.10095977783203 36.95191955566406 -4.984569549560547
37.672264099121094 37.937034606933594 -2.4250879287719727
31.621822357177734 39.32692337036133 -1.616127371788025
22.3992977142334 40.373924255371094 -0.09815079718828201
32.10407638549805 45.14688491821289 -1.026423692703247
38.11028289794922 46.4248046875 -1.4316821098327637
44.04677200317383 42.492977142333984 -3.879368543624878
-19.587675094604492 40.587120056152344 15.569791793823242
37.037086486816406 42.26053237915039 -1.1116139888763428
17.942455291748047 42.427337646484375 12.154708862304688
24.338624954223633 21.53972625732422 27.149051666259766
27.460092544555664 10.015419006347656 17.58490753173828
25.826271057128906 1.9172523021697998 22.476173400878906
23.46487808227539 8.51468276977539 34.812828063964844
13.795845985412598 1.8537706136703491 35.81512451171875
5.142749786376953 6.942337989807129 36.03553009033203
-2.299523115158081 2.3811957836151123 29.04006576538086
-4.81287145614624 9.286791801452637 24.710588455200195
2.021336555480957 22.1138973236084 31.3477840423584
2.7917046546936035 41.5294189453125 15.946965217590332
17.974788665771484 19.565221786499023 50.063175201416016
-18.566709518432617 -21.853099822998047 28.6348819732666
-4.085702896118164 -15.073476791381836 36.16402816772461
6.7487688064575195 -11.483480453491211 37.50511169433594
13.164839744567871 -12.929282188415527 36.94538116455078
19.33538246154785 -11.753475189208984 34.658077239990234
26.94682502746582 -15.738224983215332 29.741289138793945
35.48930358886719 -23.853099822998047 17.795259475708008
26.220075607299805 -28.020191192626953 35.9146842956543
14.007420539855957 -27.72433853149414 43.64739227294922
-1.9393961429595947 -27.201162338256836 43.52059555053711
-0.7898712754249573 -18.853099822998047 37.1380729675293
12.392911911010742 -18.90522003173828 37.90577697753906
23.371782302856445 -20.048206329345703 32.047603607177734
-0.3673308193683624 -19.853099822998047 37.99713134765625
12.505034446716309 -20.321706771850586 38.2155647277832
22.920677185058594 -20.99906349182129 33.293907165527344
-66.99185943603516 -14.828958511352539 -11.147958755493164
-54.82883834838867 -50.96904373168945 1.9756258726119995
-44.45298767089844 -59.282833099365234 9.13209056854248
-31.574913024902344 -66.9435806274414 23.352632522583008
-13.791936874389648 -73.32882690429688 40.85540771484375
15.321064949035645 -77.02960205078125 38.21630096435547
30.041730880737305 -75.65214538574219 23.736709594726562
40.24293518066406 -69.61589813232422 1.3705531358718872
48.97280502319336 -61.487884521484375 -40.0030632019043
46.99546813964844 -63.2008171081543 -40.314144134521484
45.13689422607422 -44.82603454589844 -69.77533721923828
