-42.937530517578125 78.63790893554688 19.263147354125977
-33.29801559448242 88.2708511352539 20.778091430664062
-20.18212127685547 90.0180892944336 21.61936378479004
-6.841100215911865 88.89950561523438 21.28219985961914
2.0101027488708496 80.8912124633789 18.89036750793457
-9.669299125671387 80.36050415039062 19.71819305419922
-21.188518524169922 81.99878692626953 22.47748565673828
-34.10584259033203 78.91117858886719 22.461824417114258
52.497291564941406 58.96828842163086 -41.82019805908203
51.97011184692383 64.81791687011719 -27.069917678833008
45.68042755126953 70.55622100830078 -16.43624496459961
36.66830062866211 71.9891357421875 -7.733282089233398
30.353723526000977 75.55831909179688 3.298297882080078
38.711280822753906 80.27156066894531 -4.115370273590088
46.671749114990234 78.12313842773438 -16.429378509521484
52.68257522583008 72.55091857910156 -30.055761337280273
-29.617435455322266 65.49492645263672 22.37722396850586
-20.49476432800293 68.15119171142578 22.94879150390625
-14.908991813659668 68.87950897216797 20.887331008911133
-11.34817886352539 67.60025787353516 17.265304565429688
-5.718349456787109 62.79582214355469 13.362438201904297
-12.355939865112305 62.41059875488281 17.33469009399414
-16.668262481689453 62.117008209228516 19.983272552490234
-21.86660385131836 63.414695739746094 21.790058135986328
44.399776458740234 51.392662048339844 -20.640846252441406
40.581703186035156 52.066917419433594 -15.590335845947266
36.34634017944336 52.67232894897461 -12.144928932189941
31.809356689453125 54.08136749267578 -9.71776008605957
24.918087005615234 57.54601287841797 -4.745145797729492
32.88023376464844 60.625457763671875 -9.997810363769531
38.01816940307617 60.799415588378906 -11.019110679626465
42.464149475097656 57.21474838256836 -14.316811561584473
-15.564467430114746 65.37158966064453 20.4518985748291
37.243038177490234 56.117549896240234 -11.366911888122559
23.818838119506836 62.14552688598633 8.947822570800781
32.74653244018555 43.593666076660156 23.649425506591797
30.623485565185547 29.619115829467773 15.02656078338623
30.48451805114746 23.13734245300293 22.08669662475586
29.623493194580078 30.20025062561035 29.933351516723633
23.57658576965332 27.159343719482422 37.719791412353516
15.478987693786621 32.63534927368164 40.67867660522461
5.7613701820373535 26.6837215423584 35.917877197265625
1.072048306465149 33.46928787231445 31.776235580444336
11.016568183898926 46.573814392089844 35.44198226928711
8.427204132080078 63.44471740722656 16.55473518371582
30.28860092163086 44.60560989379883 47.11643981933594
-7.229925155639648 2.9886720180511475 43.443031311035156
7.209157466888428 10.728964805603027 46.242637634277344
18.05890655517578 16.155834197998047 45.98807144165039
24.40036964416504 14.163914680480957 44.317909240722656
29.652603149414062 14.429478645324707 40.04988098144531
33.77657699584961 8.099061965942383 33.25633239746094
34.521663665771484 -4.398770809173584 20.149751663208008
31.694568634033203 -7.481900215148926 35.86703109741211
22.684412002563477 -5.421927452087402 46.04120635986328
8.484586715698242 -2.8786633014678955 49.34421920776367
9.5698881149292 6.485848426818848 44.49342727661133
21.41738510131836 5.312034606933594 42.522823333740234
28.532522201538086 3.654359817504883 35.70969772338867
9.620929718017578 5.600150108337402 44.78722381591797
21.29488182067871 3.875110626220703 42.18703842163086
28.297138214111328 1.6648366451263428 36.229312896728516
-69.63574981689453 -9.155728340148926 10.205388069152832
-59.635746002197266 -20.255796432495117 16.80707359313965
-54.18503189086914 -23.155731201171875 19.80707359313965
-33.6357421875 -29.010406494140625 34.80707550048828
3.364262104034424 -32.155731201171875 53.49470138549805
17.3642635345459 -36.804443359375 46.80707550048828
28.082847595214844 -39.155731201171875 36.80567932128906
31.88947296142578 -41.155731201171875 7.807072162628174
31.02045440673828 -41.155731201171875 -20.192930221557617
37.36426544189453 -26.468780517578125 -47.192935943603516
37.36426544189453 -20.865201950073242 -52.192935943603516
