-46.37920379638672 34.842838287353516 14.50481128692627
-38.285762786865234 47.51180648803711 14.045028686523438
-22.486122131347656 47.78224182128906 13.789339065551758
-9.540032386779785 44.612091064453125 11.871940612792969
-2.6734912395477295 36.168819427490234 7.768988609313965
-15.268264770507812 35.987979888916016 8.918420791625977
-25.347578048706055 39.70504379272461 13.96855640411377
-39.75372314453125 38.159427642822266 15.35769271850586
42.28485107421875 17.016048431396484 -47.26876449584961
41.663055419921875 20.21015739440918 -40.12491226196289
35.8416748046875 26.885786056518555 -28.313852310180664
26.22159194946289 29.540884017944336 -17.48058319091797
20.83323097229004 31.46525764465332 -7.0816330909729
29.224897384643555 37.50442123413086 -13.588577270507812
38.392765045166016 35.61080551147461 -30.06229591369629
42.2288932800293 30.79183578491211 -43.415225982666016
-34.21149444580078 27.028213500976562 15.945764541625977
-26.509763717651367 30.46525764465332 15.057332992553711
-20.721681594848633 30.62332534790039 12.484188079833984
-18.132070541381836 26.441558837890625 9.115290641784668
-12.345724105834961 22.161962509155273 4.691164493560791
-19.074905395507812 22.8800106048584 9.518417358398438
-22.76580810546875 23.565093994140625 13.349609375
-27.15256690979004 23.502273559570312 15.148280143737793
36.206295013427734 9.074444770812988 -34.46590042114258
31.462894439697266 9.662934303283691 -25.969375610351562
28.357683181762695 10.565206527709961 -22.850475311279297
23.658126831054688 12.510174751281738 -20.139183044433594
16.200040817260742 15.86402702331543 -14.441244125366211
24.236154556274414 17.693899154663086 -19.923696517944336
29.76218032836914 17.49689292907715 -21.494714736938477
32.999759674072266 15.385981559753418 -23.909273147583008
-23.728818893432617 22.601274490356445 13.09100341796875
28.46973419189453 12.301987648010254 -22.360836029052734
19.115575790405273 21.14181900024414 2.3922600746154785
25.328773498535156 2.102790355682373 13.854353904724121
23.029874801635742 -11.427720069885254 7.277597904205322
22.42086410522461 -18.173622131347656 13.703837394714355
25.425071716308594 -8.831564903259277 24.605838775634766
16.5061092376709 -13.97929573059082 28.37318992614746
10.230949401855469 -7.069215297698975 33.08468246459961
-0.8612468242645264 -14.060023307800293 27.142166137695312
-4.238523483276367 -6.68413782119751 24.176361083984375
5.226417541503906 5.3013386726379395 26.830577850341797
-0.11037097871303558 22.901212692260742 8.938234329223633
23.848907470703125 3.838268280029297 36.77326583862305
-12.87639045715332 -37.534725189208984 37.12480545043945
0.8325353264808655 -30.106529235839844 38.53152084350586
12.039552688598633 -25.04472541809082 37.572914123535156
18.241682052612305 -27.149879455566406 35.67717742919922
23.109285354614258 -26.999500274658203 31.140777587890625
26.427854537963867 -33.22785568237305 24.495609283447266
27.35161590576172 -45.534725189208984 11.870810508728027
25.050718307495117 -47.93553924560547 26.853715896606445
16.337425231933594 -45.95936584472656 37.20858383178711
2.4961538314819336 -42.95458984375 41.2051887512207
3.497091293334961 -34.84217834472656 36.16608428955078
14.90262222290039 -36.052669525146484 33.35926055908203
17.864110946655273 -37.154685974121094 30.752052307128906
3.6479969024658203 -35.64250564575195 36.4047737121582
14.441051483154297 -37.40285110473633 33.31212615966797
20.699995040893555 -39.469818115234375 27.607271194458008
-78.11930084228516 -60.053619384765625 1.1036365032196045
-67.32543182373047 -65.43898010253906 10.39908218383789
-55.751888275146484 -64.34590148925781 20.445199966430664
-38.99298858642578 -67.53472137451172 31.08714485168457
11.216197967529297 -78.53471374511719 38.27586364746094
21.00699806213379 -80.31327819824219 29.275867462158203
19.045602798461914 -79.53471374511719 32.2758674621582
22.47209930419922 -83.53471374511719 -7.903001308441162
17.600244522094727 -85.2646484375 -40.690155029296875
15.71601390838623 -85.53471374511719 -47.72411346435547
23.69223976135254 -57.53472137451172 -67.72411346435547
