-58.92076110839844 50.706722259521484 3.1029720306396484
-48.995994567871094 60.313331604003906 5.580331325531006
-36.88563919067383 63.79533004760742 7.281055927276611
-24.19993019104004 63.65781021118164 7.07932186126709
-13.942928314208984 56.927284240722656 4.400043964385986
-25.86254119873047 54.17457580566406 6.100761890411377
-36.22977828979492 55.21278381347656 8.852335929870605
-48.274295806884766 52.75748062133789 8.071444511413574
48.14534378051758 37.7822265625 -51.08259963989258
45.430015563964844 42.48219299316406 -38.169898986816406
37.51901626586914 48.7836799621582 -27.05455780029297
28.903100967407227 50.1015625 -20.39164924621582
21.626209259033203 54.29353332519531 -11.583078384399414
30.164886474609375 58.23624801635742 -18.300867080688477
39.58135223388672 55.087005615234375 -28.542768478393555
46.27345657348633 50.16531753540039 -41.767250061035156
-44.40640640258789 37.14012145996094 8.253782272338867
-33.67047119140625 41.75558090209961 10.030244827270508
-27.578866958618164 42.95298767089844 8.175264358520508
-23.72197151184082 41.75648880004883 5.225001335144043
-17.00848388671875 38.08513641357422 1.5637880563735962
-24.20825958251953 36.42317581176758 5.557252883911133
-28.996713638305664 35.60847473144531 8.135971069335938
-35.36966323852539 36.09458541870117 9.198911666870117
39.06357192993164 27.283267974853516 -32.497718811035156
34.79092788696289 27.55573272705078 -25.95106315612793
29.930089950561523 29.20476722717285 -21.674280166625977
24.9523983001709 30.926483154296875 -19.595203399658203
18.352188110351562 33.97826385498047 -15.724279403686523
25.94424819946289 36.15496826171875 -19.89781379699707
23.41085433959961 40.22679138183594 -19.73158836364746
36.065887451171875 32.798240661621094 -25.294164657592773
-28.237760543823242 39.27959442138672 8.644471168518066
30.301929473876953 32.14307403564453 -21.12964630126953
14.774933815002441 39.789825439453125 -2.477998971939087
24.28923988342285 22.627567291259766 13.834983825683594
26.77549171447754 7.160952091217041 8.346510887145996
25.02431869506836 1.8077375888824463 15.448728561401367
24.999357223510742 13.716121673583984 24.812944412231445
15.800557136535645 7.214122295379639 30.555574417114258
7.726850986480713 15.90164566040039 33.28809356689453
-2.4042139053344727 4.973416805267334 29.087461471557617
-8.253698348999023 10.135683059692383 25.31006622314453
0.8364862203598022 25.024019241333008 25.32512855529785
-3.540300130844116 40.50979995727539 5.50335693359375
19.672889709472656 27.990602493286133 34.590755462646484
-12.063895225524902 -23.034475326538086 40.109291076660156
0.8553321361541748 -12.19223690032959 42.127174377441406
11.52210807800293 -5.808831214904785 39.83522033691406
17.862180709838867 -7.574933052062988 38.431392669677734
23.236042022705078 -7.448261737823486 34.220855712890625
29.399961471557617 -15.135303497314453 27.785900115966797
32.743186950683594 -27.604211807250977 16.871828079223633
28.346328735351562 -27.19087791442871 33.291561126708984
18.06464195251465 -25.308563232421875 42.21529769897461
4.258340835571289 -24.865819931030273 45.4005012512207
4.829286575317383 -17.026304244995117 40.19044494628906
16.479991912841797 -16.390995025634766 37.8903694152832
24.702823638916016 -18.697246551513672 30.86893653869629
5.104006767272949 -18.184463500976562 40.669334411621094
16.44257164001465 -18.086427688598633 37.833736419677734
24.783727645874023 -20.026578903198242 31.4569091796875
-77.33574676513672 -54.026573181152344 0.15579000115394592
-69.33574676513672 -53.026573181152344 10.943995475769043
-47.31666564941406 -58.98927307128906 29.729461669921875
-35.62664794921875 -62.02656936645508 37.521995544433594
23.664236068725586 -63.02656936645508 44.64345169067383
23.664236068725586 -63.02656936645508 44.64345169067383
34.25830078125 -67.39439392089844 25.97771453857422
38.9106330871582 -70.02656555175781 -2.477998971939087
38.90715408325195 -71.02656555175781 -21.477994918823242
38.17192459106445 -71.02656555175781 -33.47799301147461
36.30998611450195 -61.08604049682617 -61.626346588134766
