-45.601318359375 50.64594268798828 23.838054656982422
-34.59986114501953 58.63071823120117 26.13426399230957
-21.087669372558594 59.67637252807617 26.186979293823242
-8.222787857055664 57.407310485839844 23.152944564819336
0.4635094106197357 50.28712463378906 16.740093231201172
-12.128456115722656 48.265445709228516 19.818370819091797
-21.968246459960938 51.33174133300781 25.890403747558594
-34.243865966796875 50.72273254394531 26.806577682495117
47.26156234741211 33.751441955566406 -52.489715576171875
47.73804473876953 37.15328598022461 -37.604400634765625
43.8479118347168 40.61538314819336 -26.26311492919922
35.195716857910156 44.863792419433594 -11.630536079406738
31.576974868774414 45.7964973449707 -6.2680559158325195
39.806392669677734 49.592891693115234 -14.425326347351074
46.30369186401367 47.772769927978516 -26.384967803955078
49.79230880737305 43.855247497558594 -40.838890075683594
-31.473485946655273 36.32433319091797 23.735071182250977
-21.819931030273438 38.631954193115234 24.00221061706543
-16.11037254333496 38.99700927734375 21.883005142211914
-12.232388496398926 37.45551681518555 17.402128219604492
-7.978116035461426 33.57869338989258 11.28825855255127
-13.99654483795166 32.92264175415039 16.990779876708984
-18.137773513793945 32.68641662597656 20.683034896850586
-23.484386444091797 33.37224578857422 23.06337547302246
40.55036926269531 23.010244369506836 -33.334171295166016
37.139068603515625 22.198461532592773 -27.33681297302246
33.38685607910156 23.797481536865234 -22.10181427001953
24.18096923828125 26.10688591003418 -14.071292877197266
22.137691497802734 29.566816329956055 -9.836695671081543
30.366188049316406 31.170394897460938 -17.859018325805664
31.284488677978516 34.50581741333008 -18.274234771728516
36.55853271484375 32.06065368652344 -21.24032974243164
-16.749576568603516 35.77481460571289 21.574840545654297
29.935115814208984 30.957347869873047 -17.742799758911133
23.70226287841797 31.493873596191406 1.1594281196594238
31.962238311767578 9.143413543701172 11.535223960876465
30.122512817382812 -4.195228099822998 3.2491369247436523
28.845781326293945 -11.395255088806152 10.110983848571777
31.63872718811035 -2.857433795928955 20.408775329589844
23.899852752685547 -8.239433288574219 26.96371841430664
19.697898864746094 1.9082763195037842 33.539554595947266
5.879851341247559 -7.344575881958008 28.976987838745117
0.4410775601863861 0.23768185079097748 27.239858627319336
11.649065017700195 12.675519943237305 28.066268920898438
6.973307132720947 32.97819900512695 12.816564559936523
31.75518798828125 10.836432456970215 34.18524932861328
-4.978115081787109 -36.049598693847656 37.0625
8.756424903869629 -28.32000160217285 37.312408447265625
19.110198974609375 -22.813385009765625 34.7334098815918
24.476083755493164 -24.972620010375977 31.80270767211914
29.093915939331055 -24.847213745117188 26.502132415771484
31.72542953491211 -32.30958938598633 17.502809524536133
31.021894454956055 -42.14044189453125 6.055421352386475
29.623390197753906 -44.98390579223633 20.235422134399414
21.835914611816406 -43.544185638427734 30.709009170532227
9.61630916595459 -41.168182373046875 37.707618713378906
9.851200103759766 -33.193817138671875 32.97172546386719
20.05268669128418 -33.774147033691406 28.27288055419922
25.95838737487793 -35.43642044067383 20.051973342895508
10.038759231567383 -34.433197021484375 33.210060119628906
19.926286697387695 -35.32175827026367 27.88762855529785
26.053163528442383 -37.06513214111328 20.237459182739258
-90.5592041015625 -49.85002136230469 -4.209816932678223
-68.4330825805664 -55.46382141113281 16.612342834472656
-48.8612060546875 -62.55012512207031 27.913724899291992
-30.304712295532227 -72.4332046508789 34.59605026245117
-2.978113889694214 -81.43321228027344 37.07463455200195
9.01133918762207 -83.43321228027344 34.09720230102539
25.206920623779297 -84.43321228027344 7.487102031707764
26.021892547607422 -82.62101745605469 -8.51290225982666
22.021892547607422 -71.4332046508789 -49.94644546508789
20.02189064025879 -69.22864532470703 -58.7442626953125
21.02189064025879 -51.433204650878906 -73.37650299072266
