-57.717098236083984 37.494869232177734 22.49558448791504
-48.93924331665039 45.31675338745117 27.674654006958008
-39.406463623046875 47.96501159667969 31.029455184936523
-28.260419845581055 49.19860076904297 34.358726501464844
-18.83759880065918 42.932106018066406 32.007225036621094
-29.093463897705078 40.62755584716797 29.814970016479492
-38.80219650268555 39.53781509399414 30.207761764526367
-47.814353942871094 37.25776672363281 27.935523986816406
49.71336364746094 37.407222747802734 -4.508369445800781
44.044288635253906 38.63883972167969 5.5337677001953125
36.11441421508789 42.0030403137207 12.711480140686035
26.266645431518555 41.30736541748047 16.067766189575195
16.35550880432129 42.90085983276367 22.829648971557617
27.250999450683594 49.599300384521484 20.468360900878906
34.683448791503906 50.434574127197266 13.978965759277344
44.87338638305664 47.01802444458008 3.230713129043579
-44.67924118041992 19.86581802368164 23.65505027770996
-32.82854461669922 25.329082489013672 27.917354583740234
-29.006980895996094 27.563940048217773 27.124853134155273
-25.330774307250977 27.21847152709961 24.621923446655273
-19.072391510009766 23.739362716674805 21.330223083496094
-25.547761917114258 20.976390838623047 23.271461486816406
-30.339141845703125 19.469249725341797 24.884687423706055
-33.12945556640625 18.549644470214844 25.16657829284668
38.50675582885742 22.617074966430664 5.1048102378845215
31.690526962280273 19.7278995513916 10.48717975616455
25.63180923461914 20.2740421295166 13.000038146972656
20.1754207611084 22.256145477294922 13.921263694763184
12.277356147766113 24.37290382385254 14.92332649230957
20.84699058532715 28.971338272094727 15.055419921875
28.182239532470703 30.395442962646484 14.82194995880127
32.22500228881836 25.808364868164062 12.715381622314453
-28.9270076751709 23.42099952697754 26.186677932739258
25.1982479095459 24.45317268371582 15.102861404418945
7.684737205505371 24.434328079223633 26.902015686035156
14.648767471313477 -2.3761770725250244 40.07168197631836
17.53754234313965 -10.78427505493164 26.76420021057129
15.515843391418457 -20.354589462280273 29.13397789001465
12.936542510986328 -17.534011840820312 41.42723846435547
4.407577037811279 -23.81543731689453 43.434627532958984
-4.821384906768799 -16.672327041625977 41.645751953125
-11.407849311828613 -19.81802749633789 33.33659744262695
-14.071769714355469 -11.69043254852295 32.174903869628906
-6.529916286468506 -2.40397310256958 41.56672286987305
-8.109343528747559 23.78643798828125 28.698781967163086
7.8810954093933105 -9.79970645904541 61.12613296508789
-24.128868103027344 -43.79015350341797 21.994617462158203
-12.201963424682617 -39.00399398803711 31.184139251708984
-3.3970892429351807 -36.90524673461914 34.81700134277344
2.370364189147949 -38.44026565551758 33.914615631103516
7.769924640655518 -36.80323791503906 33.167728424072266
15.158092498779297 -39.19956970214844 26.889362335205078
23.26877212524414 -42.90524673461914 14.305828094482422
13.832651138305664 -47.69145584106445 25.581140518188477
2.5139658451080322 -49.32679748535156 30.922035217285156
-10.666483879089355 -48.6056022644043 29.935382843017578
-8.296534538269043 -42.41313552856445 30.17337417602539
2.1307830810546875 -42.3679084777832 30.573657989501953
12.158778190612793 -42.427127838134766 26.338071823120117
-8.15710163116455 -43.54523468017578 30.06770896911621
2.108574151992798 -43.825069427490234 30.240026473999023
11.587423324584961 -43.27653503417969 26.676633834838867
-79.01541900634766 -28.1519775390625 -32.378082275390625
-70.8260726928711 -53.905250549316406 -28.378084182739258
-52.74061965942383 -72.19327545166016 -14.152582168579102
-32.796531677246094 -82.75491333007812 -3.9910151958465576
-15.826151847839355 -88.2431640625 7.952628135681152
1.7995126247406006 -87.23129272460938 11.441864013671875
17.263853073120117 -85.99320983886719 1.6219199895858765
32.86701583862305 -75.75239562988281 -14.810426712036133
42.370269775390625 -66.3011703491211 -35.81789779663086
48.218544006347656 -50.905250549316406 -51.37808609008789
49.25257110595703 -29.90524673461914 -63.37808609008789
