-52.45545959472656 0.13819657266139984 -4.387896537780762
-46.03512191772461 9.033899307250977 3.3407721519470215
-36.7624397277832 11.853763580322266 10.430355072021484
-25.857141494750977 11.778124809265137 16.873106002807617
-16.949583053588867 5.090680122375488 16.03767967224121
-26.24296760559082 3.854614496231079 10.51407527923584
-36.267303466796875 2.478309154510498 8.281030654907227
-45.40321350097656 0.5399026870727539 2.7269248962402344
57.31413650512695 3.1172611713409424 2.5095977783203125
48.05753707885742 4.505778789520264 11.071252822875977
37.292057037353516 6.696656703948975 15.057193756103516
25.90427017211914 6.223793029785156 15.019004821777344
14.781553268432617 6.901573657989502 18.728107452392578
24.77589225769043 13.655485153198242 21.039936065673828
37.25929641723633 15.3173246383667 16.507734298706055
49.97945022583008 12.958745002746582 9.57923698425293
-41.541500091552734 -13.157612800598145 -1.5174990892410278
-35.32301712036133 -9.097558975219727 4.90106201171875
-29.941463470458984 -6.304697513580322 7.099688529968262
-23.449434280395508 -7.426774024963379 6.053861618041992
-16.712574005126953 -11.525225639343262 3.3723385334014893
-23.869291305541992 -14.168804168701172 4.567790508270264
-27.75096321105957 -15.645622253417969 5.138338088989258
-34.85469055175781 -16.040470123291016 2.9157938957214355
43.6545524597168 -8.675004005432129 8.111316680908203
35.94710159301758 -14.338905334472656 11.00430965423584
30.273296356201172 -14.35832691192627 11.16463565826416
24.470415115356445 -12.717567443847656 9.76892375946045
16.151458740234375 -10.61827278137207 8.149567604064941
23.563526153564453 -6.461693286895752 11.595104217529297
29.250957489013672 -5.966669082641602 14.094074249267578
36.05622100830078 -8.410466194152832 12.632050514221191
-27.230968475341797 -11.024198532104492 6.502760887145996
29.08851432800293 -10.530733108520508 12.839815139770508
8.337811470031738 -11.683959007263184 17.82814598083496
12.073643684387207 -38.490150451660156 28.91474151611328
19.127933502197266 -47.603336334228516 17.802703857421875
16.04695701599121 -55.85169982910156 20.15768814086914
9.879536628723145 -53.61833572387695 32.38143539428711
1.4361772537231445 -60.233253479003906 30.167461395263672
-7.842687606811523 -53.42398452758789 29.079992294311523
-9.804652214050293 -55.96682357788086 16.271577835083008
-13.097368240356445 -49.40007781982422 13.250688552856445
-9.012582778930664 -38.93299865722656 25.868297576904297
-7.845081806182861 -12.666542053222656 14.829795837402344
-1.3284913301467896 -46.79660415649414 48.65373992919922
-17.704647064208984 -81.46895599365234 2.0965728759765625
-9.753517150878906 -76.13143157958984 13.469584465026855
-2.7268779277801514 -73.15513610839844 20.763317108154297
3.0314040184020996 -74.63191223144531 21.956645965576172
8.777283668518066 -72.93909454345703 22.87517738342285
17.943771362304688 -75.15572357177734 18.574369430541992
27.63608169555664 -79.55421447753906 10.39997386932373
16.27143096923828 -84.71520233154297 15.731039047241211
4.554769039154053 -86.20677185058594 16.951778411865234
-7.221689701080322 -85.7085189819336 11.597540855407715
-5.284940719604492 -79.3248062133789 13.337657928466797
3.995864152908325 -78.83157348632812 17.2252197265625
13.4959135055542 -78.61318969726562 16.830846786499023
-4.900896072387695 -80.54670715332031 12.988274574279785
4.287452697753906 -80.2813720703125 16.211421966552734
13.624385833740234 -79.71321105957031 16.38457489013672
-51.47086715698242 -62.59394073486328 -77.4207763671875
-47.336875915527344 -81.59394073486328 -68.4207763671875
-39.372657775878906 -96.59394836425781 -37.42076873779297
-28.99878692626953 -102.7369613647461 -22.8411922454834
-12.608588218688965 -111.51890563964844 -4.282835483551025
5.356136798858643 -114.59394836425781 6.060116767883301
27.35614013671875 -112.59394836425781 3.595989942550659
47.94282913208008 -100.83524322509766 -10.42076587677002
71.91895294189453 -79.59394073486328 -31.42076873779297
75.35614776611328 -69.59394073486328 -36.654930114746094
101.7488784790039 -25.593936920166016 -88.4207763671875
