-35.02768325805664 21.30289077758789 46.96664047241211
-25.7126522064209 29.175134658813477 48.69265365600586
-14.199427604675293 32.121829986572266 47.07874298095703
-2.8730015754699707 32.17765808105469 43.584659576416016
4.643686771392822 26.04204750061035 38.09654235839844
-4.134321212768555 22.40848159790039 41.451446533203125
-13.36685562133789 21.806198120117188 46.87052917480469
-24.944517135620117 20.038490295410156 48.56480407714844
48.78569030761719 23.87210464477539 -24.021230697631836
48.73434066772461 23.180362701416016 -12.123433113098145
44.86772155761719 25.219472885131836 -0.32405394315719604
36.47368621826172 25.20795249938965 9.426115989685059
30.505826950073242 27.137065887451172 17.268726348876953
37.699737548828125 35.6317138671875 11.790416717529297
44.86019515991211 36.88885498046875 -0.8398985266685486
48.3774528503418 33.548866271972656 -15.45573902130127
-21.527727127075195 6.886423110961914 47.40260696411133
-11.704614639282227 10.173025131225586 47.15077590942383
-6.562622547149658 11.137895584106445 44.13539505004883
-3.074665069580078 10.68114185333252 39.654808044433594
0.5453253388404846 7.509860515594482 32.75559616088867
-4.034890174865723 6.089929103851318 38.74510192871094
-7.9192914962768555 4.841032981872559 42.59954833984375
-13.38557243347168 5.362961769104004 45.83234405517578
45.02194595336914 9.655535697937012 -3.4985642433166504
41.8366813659668 8.366738319396973 1.8445919752120972
37.8608283996582 8.460070610046387 6.008052349090576
32.02382278442383 8.089927673339844 8.890880584716797
25.50840187072754 9.440730094909668 12.15964412689209
32.42230987548828 12.338092803955078 10.434662818908691
38.9361572265625 12.74913215637207 7.9993672370910645
43.1966667175293 12.760547637939453 3.089402198791504
-6.930567741394043 7.545097351074219 43.04887390136719
37.777976989746094 9.530364036560059 6.711695194244385
21.993188858032227 9.528124809265137 18.722726821899414
31.60450553894043 -15.038329124450684 23.773937225341797
32.199554443359375 -25.649627685546875 11.380537986755371
33.14680862426758 -34.005252838134766 15.381555557250977
32.89102554321289 -31.503671646118164 27.467931747436523
25.258962631225586 -37.40644836425781 33.856632232666016
18.83040428161621 -31.254995346069336 42.008487701416016
6.317135810852051 -35.44626998901367 37.09417724609375
2.383441209793091 -27.96470832824707 36.468040466308594
12.011611938476562 -16.809520721435547 37.3776741027832
8.054593086242676 8.454659461975098 29.14197540283203
31.722074508666992 -22.79502296447754 44.71559524536133
-2.6835086345672607 -56.42453384399414 34.62998580932617
9.011428833007812 -51.36616516113281 36.31751251220703
18.87331771850586 -48.64640808105469 35.206932067871094
24.343732833862305 -50.086387634277344 31.789756774902344
28.973575592041016 -48.44820022583008 27.445362091064453
32.108272552490234 -50.572208404541016 19.49475860595703
34.16128921508789 -54.52897262573242 7.178740978240967
31.572303771972656 -60.004920959472656 19.857505798339844
23.97903823852539 -61.45346450805664 29.88998794555664
11.091593742370605 -60.90565872192383 34.451637268066406
12.89767074584961 -54.567874908447266 33.730804443359375
23.386445999145508 -54.91005325317383 29.98825454711914
29.741666793823242 -54.046871185302734 21.1569881439209
13.118537902832031 -55.842041015625 33.52764892578125
23.336130142211914 -55.91005325317383 29.815473556518555
29.632057189941406 -55.039466857910156 21.242109298706055
-84.70140838623047 -54.48334884643555 0.04025358706712723
-70.19227600097656 -77.3608169555664 6.616185665130615
-46.233116149902344 -90.9897232055664 15.976729393005371
-22.708969116210938 -100.52681732177734 16.392833709716797
-0.8654472827911377 -103.25090026855469 24.865604400634766
17.07701873779297 -101.91236877441406 18.1779727935791
29.03091049194336 -101.74219512939453 3.1710193157196045
28.46017837524414 -96.36016845703125 -23.216129302978516
27.983469009399414 -86.08998107910156 -46.18349838256836
25.9698429107666 -71.79312133789062 -68.08324432373047
23.007888793945312 -41.231529235839844 -83.67192077636719
