-48.121681213378906 22.822656631469727 38.08318328857422
-39.923309326171875 31.772003173828125 39.88602066040039
-26.8068790435791 33.92593765258789 41.472415924072266
-14.477874755859375 33.001441955566406 40.43840408325195
-5.578134059906006 25.016773223876953 36.905086517333984
-15.455904006958008 22.626487731933594 38.739322662353516
-26.540603637695312 23.550752639770508 42.45500564575195
-38.39999771118164 22.058542251586914 42.03960037231445
47.8717041015625 17.32598304748535 -10.50143051147461
44.88610076904297 18.174928665161133 -0.06448565423488617
38.43095779418945 21.170793533325195 9.500595092773438
29.204679489135742 21.465551376342773 16.371309280395508
21.917081832885742 24.15487289428711 22.94493865966797
30.179887771606445 31.441240310668945 18.05755615234375
38.51823043823242 31.75542449951172 8.569226264953613
45.34037399291992 27.979372024536133 -4.480877876281738
-35.69282913208008 6.657360553741455 42.14750671386719
-28.799217224121094 10.336206436157227 44.15333557128906
-19.626422882080078 11.327563285827637 41.97431182861328
-15.394047737121582 9.968111038208008 38.28961181640625
-10.915199279785156 5.753841400146484 32.74616622924805
-16.741186141967773 5.108205318450928 37.062259674072266
-21.514936447143555 4.2874836921691895 40.05167770385742
-27.520923614501953 4.9596052169799805 42.256038665771484
38.91556167602539 1.857789158821106 6.444134712219238
34.03086853027344 1.112177848815918 11.211191177368164
29.244476318359375 0.7778076529502869 13.957053184509277
24.392637252807617 2.0679092407226562 15.768261909484863
17.933639526367188 4.4648308753967285 17.857608795166016
24.029035568237305 7.010112762451172 17.35401725769043
31.373491287231445 6.732191562652588 16.33799171447754
35.765960693359375 4.104371547698975 11.923276901245117
-21.139659881591797 5.31940221786499 40.42024230957031
29.2375545501709 2.9354660511016846 14.846508026123047
12.947830200195312 5.34911584854126 24.0010929107666
20.359575271606445 -18.40947914123535 34.197444915771484
23.06599998474121 -30.17178726196289 23.991525650024414
22.522171020507812 -38.32207489013672 28.90692901611328
20.091108322143555 -33.535179138183594 38.43253707885742
11.811163902282715 -38.80723571777344 44.64076614379883
1.326072096824646 -33.157745361328125 47.214027404785156
-7.068169593811035 -37.216888427734375 44.214027404785156
-11.008393287658691 -29.873533248901367 41.96720886230469
-0.585203230381012 -18.415498733520508 43.81793212890625
-2.0665993690490723 5.818951606750488 31.654794692993164
16.457000732421875 -23.03178596496582 54.64237594604492
-13.098679542541504 -59.7192268371582 45.21379470825195
-3.9131855964660645 -53.567474365234375 46.74220275878906
5.289328098297119 -50.14657211303711 47.029396057128906
11.297117233276367 -51.92341232299805 44.83129119873047
16.762245178222656 -50.73292922973633 41.285987854003906
21.075725555419922 -54.15163040161133 34.37099838256836
25.430578231811523 -60.544189453125 24.640485763549805
20.47885513305664 -63.69157028198242 35.573936462402344
11.117388725280762 -63.90688705444336 43.96768569946289
-1.3706610202789307 -63.11207580566406 46.41474914550781
0.3008105754852295 -56.56993865966797 44.81999206542969
10.585589408874512 -57.107826232910156 43.17667007446289
18.214454650878906 -57.49220275878906 35.94155502319336
0.6546078324317932 -58.06690979003906 44.71955108642578
10.575739860534668 -58.24518966674805 43.10752868652344
18.235509872436523 -58.52848434448242 36.011627197265625
-91.02156066894531 -54.671024322509766 -5.819655895233154
-76.15318298339844 -82.02190399169922 5.9546003341674805
-56.85210418701172 -93.7503433227539 15.884520530700684
-36.34940719604492 -96.57093048095703 35.82411575317383
-16.873594284057617 -101.21411895751953 42.214027404785156
7.6050190925598145 -101.53519439697266 38.214027404785156
23.394712448120117 -102.8446044921875 22.63481330871582
28.442365646362305 -100.53519439697266 -2.785983085632324
32.418113708496094 -93.27037811279297 -23.1380558013916
32.4925422668457 -82.2814712524414 -49.31499481201172
31.642379760742188 -54.563621520996094 -71.13263702392578
