-61.554908752441406 28.806310653686523 9.11161994934082
-53.19215774536133 38.41305160522461 15.393549919128418
-42.23649215698242 40.2558479309082 21.15606689453125
-30.743621826171875 39.797916412353516 25.119125366210938
-20.71085548400879 32.869388580322266 25.048742294311523
-31.26633644104004 30.196500778198242 20.09994888305664
-42.132904052734375 29.939563751220703 20.26848602294922
-52.929962158203125 28.87785530090332 16.389328002929688
54.117515563964844 22.013261795043945 -4.813178062438965
47.08234786987305 24.39166259765625 6.071302890777588
37.003692626953125 27.80152702331543 12.75798225402832
26.56764030456543 29.218313217163086 15.502124786376953
16.426490783691406 30.84304428100586 21.9794921875
27.601152420043945 37.051700592041016 19.240585327148438
38.32518768310547 37.049930572509766 12.666308403015137
49.138092041015625 32.86042022705078 3.0164310932159424
-51.100730895996094 11.426545143127441 14.039034843444824
-43.189640045166016 16.325708389282227 19.754789352416992
-35.36543273925781 18.399015426635742 20.44831085205078
-29.308198928833008 17.457759857177734 18.256269454956055
-22.054702758789062 13.927834510803223 16.012300491333008
-29.42371940612793 11.569361686706543 17.587324142456055
-35.25001525878906 9.972064971923828 18.537607192993164
-42.07839584350586 9.024195671081543 17.956228256225586
38.265830993652344 8.203190803527832 10.087215423583984
32.503868103027344 6.527523994445801 11.37442398071289
26.82148551940918 7.86751127243042 12.425287246704102
21.01478385925293 9.755010604858398 12.308802604675293
12.561662673950195 12.471400260925293 12.86484432220459
21.591907501220703 15.724385261535645 12.78836441040039
25.876575469970703 17.139577865600586 13.622198104858398
28.993425369262695 14.7839937210083 14.08747386932373
-31.7347469329834 14.968391418457031 19.42670440673828
25.817848205566406 12.379597663879395 13.75908374786377
7.149169445037842 14.24730396270752 22.859054565429688
13.251230239868164 -8.523123741149902 36.84223937988281
16.072500228881836 -21.214181900024414 26.805103302001953
12.997987747192383 -28.875656127929688 30.38475799560547
9.747411727905273 -23.979503631591797 41.60676574707031
-0.11422939598560333 -28.713333129882812 42.884239196777344
-10.913252830505371 -23.47456169128418 40.84727096557617
-16.013965606689453 -27.64777946472168 33.10237121582031
-21.434547424316406 -20.328786849975586 29.75702476501465
-12.76598072052002 -8.826983451843262 39.496559143066406
-11.88581657409668 14.172059059143066 24.027149200439453
1.8188014030456543 -12.601861000061035 58.62253189086914
-29.169729232788086 -54.80023193359375 32.66929626464844
-17.710561752319336 -46.066158294677734 39.71416473388672
-7.864236831665039 -42.16847610473633 42.965824127197266
-1.2910536527633667 -44.03154754638672 43.45790481567383
5.39907693862915 -42.987083435058594 42.15085220336914
13.62667179107666 -48.56482696533203 37.080650329589844
20.747411727905273 -57.13603210449219 27.92892074584961
11.690131187438965 -60.90271759033203 39.35956954956055
-2.0648605823516846 -60.4908332824707 44.51010513305664
-16.093551635742188 -59.125972747802734 42.81230545043945
-13.461819648742676 -50.605342864990234 39.69353485107422
-1.785170078277588 -50.926780700683594 41.17854690551758
8.579407691955566 -52.386226654052734 37.823272705078125
-13.358665466308594 -52.28506851196289 40.067344665527344
-2.0473663806915283 -52.90178298950195 41.281009674072266
8.404999732971191 -53.65694808959961 37.97040939331055
-75.07801055908203 -53.19369888305664 -36.152740478515625
-64.98387908935547 -80.76583862304688 -22.152738571166992
-52.11601638793945 -92.26705932617188 -3.4335126876831055
-38.57727813720703 -96.8183822631836 16.029043197631836
-22.27639389038086 -102.48463439941406 33.08738708496094
-4.8811163902282715 -103.57950592041016 36.965614318847656
12.601262092590332 -102.8691635131836 27.615447998046875
26.349956512451172 -96.98860168457031 8.582067489624023
38.40498733520508 -89.45438385009766 -11.848199844360352
41.15004348754883 -82.62113952636719 -36.81348419189453
46.51621627807617 -65.1937026977539 -55.152740478515625
