-72.74361419677734 44.69306564331055 5.533604145050049
-64.09974670410156 56.63682174682617 16.168855667114258
-52.21499252319336 59.46702194213867 23.835233688354492
-39.70817565917969 59.161380767822266 28.765995025634766
-29.497953414916992 51.60337448120117 29.224403381347656
-39.93413162231445 49.949607849121094 25.037399291992188
-51.90676498413086 49.58726119995117 23.974130630493164
-62.49013137817383 47.961490631103516 18.692968368530273
46.497520446777344 43.28651809692383 3.2474122047424316
38.30891036987305 45.71328353881836 14.422929763793945
27.918441772460938 49.139503479003906 20.433258056640625
18.208860397338867 48.228633880615234 21.6859188079834
5.9931464195251465 50.30656051635742 28.0269775390625
17.97882080078125 56.45846176147461 25.878862380981445
30.15926170349121 56.543148040771484 19.321887969970703
41.38828659057617 53.2092399597168 9.60436725616455
-60.35220718383789 30.624094009399414 16.77213478088379
-50.82709503173828 33.43841552734375 23.364723205566406
-43.357913970947266 35.658912658691406 24.20208740234375
-36.6005973815918 34.991668701171875 21.933223724365234
-31.01344108581543 32.250694274902344 20.554468154907227
-38.27650451660156 29.21839714050293 20.956707000732422
-43.8119010925293 27.432382583618164 21.22543716430664
-50.881832122802734 27.132253646850586 19.92230796813965
32.25318145751953 26.807811737060547 11.221543312072754
26.061321258544922 26.384849548339844 14.64233684539795
20.687767028808594 27.090085983276367 16.346891403198242
14.705608367919922 28.263099670410156 17.15988540649414
6.388350486755371 30.983339309692383 18.776927947998047
14.82487964630127 33.53404235839844 19.25135612487793
20.706865310668945 33.232276916503906 20.445262908935547
26.706430435180664 30.002531051635742 18.880355834960938
-43.729820251464844 30.002155303955078 22.538925170898438
19.98312759399414 29.384727478027344 18.46504020690918
-0.4053269922733307 32.42322540283203 28.00018882751465
4.340656757354736 9.642065048217773 40.06458282470703
7.653322696685791 -1.9751628637313843 29.803102493286133
4.445051670074463 -9.689613342285156 32.1032829284668
1.2042142152786255 -4.3930983543396 48.01621627807617
-9.305795669555664 -10.13513469696045 43.8639030456543
-18.861181259155273 -4.509387493133545 44.47256088256836
-24.589874267578125 -9.040186882019043 33.44029235839844
-29.335220336914062 -1.2447624206542969 30.353530883789062
-22.000822067260742 8.86169147491455 40.96295928955078
-22.06557846069336 32.154998779296875 27.65215492248535
-8.402475357055664 4.93064022064209 60.302616119384766
-36.4153938293457 -35.5982551574707 31.42555046081543
-26.184289932250977 -27.819080352783203 38.98954772949219
-16.56377410888672 -23.86020278930664 42.738037109375
-10.313682556152344 -25.71841049194336 43.12861633300781
-3.8070156574249268 -24.451475143432617 42.20794677734375
4.412295341491699 -29.215438842773438 37.34770202636719
12.596025466918945 -37.00492858886719 27.3685302734375
2.233276605606079 -41.2418327331543 38.98341751098633
-10.583240509033203 -41.17034912109375 43.0460319519043
-24.21558952331543 -40.033626556396484 40.56833267211914
-21.77050018310547 -31.956947326660156 38.94509506225586
-10.552584648132324 -31.869800567626953 40.785728454589844
0.019488248974084854 -33.05445098876953 37.397705078125
-21.61223602294922 -33.36453628540039 39.15994644165039
-10.548299789428711 -33.66416931152344 40.520233154296875
-0.11587699502706528 -34.34865951538086 37.53359603881836
-79.25843811035156 -35.192169189453125 -44.46638107299805
-68.28804016113281 -61.50719451904297 -30.151350021362305
-57.5330924987793 -70.87435913085938 -5.945370674133301
-43.949073791503906 -77.19215393066406 11.220741271972656
-27.97068214416504 -83.84586334228516 27.700258255004883
-11.133588790893555 -83.68936920166016 32.82706069946289
5.888180255889893 -82.66990661621094 24.404510498046875
20.795866012573242 -75.54031372070312 4.778871536254883
28.05128288269043 -72.24951171875 -18.00328826904297
37.386112213134766 -55.9490966796875 -44.118125915527344
43.515621185302734 -35.67997741699219 -58.46637725830078
