-55.062828063964844 42.05780029296875 0.7978305220603943
-47.15385437011719 52.816898345947266 8.693709373474121
-37.31621170043945 56.44654083251953 14.325969696044922
-25.370311737060547 56.943511962890625 19.641443252563477
-15.58840274810791 50.871456146240234 21.326614379882812
-25.77783203125 47.946807861328125 16.62259292602539
-36.83436965942383 47.20684051513672 15.196788787841797
-46.36518096923828 44.923648834228516 10.501770973205566
62.69047927856445 40.11815643310547 -0.347202330827713
53.718467712402344 43.30403137207031 9.998156547546387
44.56871032714844 46.380279541015625 14.655428886413574
33.92741775512695 46.88576889038086 16.133827209472656
22.999755859375 49.64090347290039 21.73116111755371
33.55257797241211 55.65735626220703 19.261972427368164
43.92617416381836 54.759952545166016 14.307726860046387
56.28872299194336 49.041893005371094 7.351293087005615
-42.996368408203125 27.92158317565918 11.021849632263184
-34.984405517578125 33.55028533935547 16.765066146850586
-27.990480422973633 35.47986602783203 17.168073654174805
-22.511655807495117 34.55082321166992 15.995222091674805
-14.44958782196045 31.19276237487793 14.73570728302002
-22.206892013549805 28.53679847717285 16.02777862548828
-28.066036224365234 27.191150665283203 16.5552921295166
-34.48419189453125 26.35382080078125 15.74467658996582
48.15577697753906 25.556371688842773 11.819742202758789
41.90592956542969 25.37630844116211 14.591540336608887
35.838218688964844 26.281782150268555 15.453483581542969
30.0716609954834 28.19088363647461 14.828840255737305
20.652002334594727 30.953210830688477 13.70828628540039
29.78571891784668 33.84577560424805 14.644851684570312
36.07173538208008 34.15560531616211 16.112451553344727
41.627132415771484 31.769184112548828 16.1375789642334
-27.32729721069336 31.9254150390625 17.518718719482422
34.60744094848633 30.75769805908203 16.323408126831055
13.751014709472656 33.403621673583984 22.582963943481445
19.072677612304688 13.263909339904785 39.30324172973633
24.7412166595459 1.1267457008361816 31.61113166809082
21.64849281311035 -7.242424964904785 34.4987907409668
16.243450164794922 -2.579559564590454 48.08090591430664
6.092530250549316 -7.641849040985107 46.141510009765625
-5.083108425140381 -2.8842997550964355 45.91840744018555
-10.451746940612793 -6.162212371826172 34.769771575927734
-14.6633939743042 0.7820181846618652 30.988779067993164
-7.4881744384765625 12.028326034545898 38.1776123046875
-5.0917816162109375 33.12406921386719 22.2597713470459
6.663667678833008 9.107748985290527 60.48903274536133
-24.73700714111328 -30.906986236572266 28.801105499267578
-11.796964645385742 -22.919919967651367 40.033565521240234
-1.2734249830245972 -19.621990203857422 44.39006805419922
5.553829669952393 -21.068593978881836 45.103755950927734
12.094258308410645 -19.712112426757812 44.28556823730469
21.088754653930664 -24.162479400634766 40.11604690551758
31.51536750793457 -32.44526290893555 29.848146438598633
19.598861694335938 -35.2979736328125 44.915096282958984
5.147648334503174 -34.8681640625 49.67106246948242
-9.501498222351074 -34.11341094970703 46.41648483276367
-6.8351240158081055 -26.911813735961914 42.159934997558594
5.23067045211792 -26.51685905456543 44.56116485595703
16.532258987426758 -27.69569206237793 41.798580169677734
-6.775960445404053 -28.25607681274414 42.997501373291016
5.11939001083374 -28.101219177246094 45.148597717285156
16.488996505737305 -28.961923599243164 42.37846374511719
-61.635311126708984 -44.10689163208008 -38.80611038208008
-49.89747619628906 -71.35381317138672 -17.194564819335938
-41.238685607910156 -79.09182739257812 -7.754330158233643
-27.352842330932617 -78.66720581054688 25.357818603515625
-12.400891304016113 -83.03892517089844 40.95828628540039
4.5893402099609375 -81.47733306884766 46.92516326904297
22.598697662353516 -81.51968383789062 38.458011627197266
37.565818786621094 -77.44701385498047 18.566232681274414
49.986122131347656 -72.53894805908203 -2.6168956756591797
56.68378448486328 -64.92546081542969 -21.666961669921875
60.93096923828125 -53.64617919921875 -41.7484130859375
