-40.50832748413086 69.88218688964844 -54.05713653564453
-37.18999481201172 87.21199798583984 -43.641170501708984
-36.0645637512207 93.75141143798828 -31.73358917236328
-30.228261947631836 96.43746948242188 -17.584087371826172
-24.660186767578125 86.75238037109375 -9.493339538574219
-28.72216033935547 83.2901840209961 -19.51351547241211
-36.73839569091797 82.47148895263672 -29.355205535888672
-41.480186462402344 75.45204162597656 -40.86909103393555
53.84406661987305 75.09510803222656 22.06051254272461
41.76614761352539 80.23603820800781 25.268665313720703
29.48002052307129 84.85589599609375 23.309898376464844
17.812055587768555 86.07392883300781 17.254077911376953
5.793234348297119 88.94938659667969 14.808616638183594
15.489521026611328 98.43040466308594 19.064210891723633
31.271867752075195 96.33656311035156 20.785234451293945
44.75221252441406 90.17656707763672 19.59758949279785
-39.013954162597656 61.044715881347656 -34.85293960571289
-36.25375747680664 65.22181701660156 -25.61441993713379
-31.69416618347168 68.06787109375 -21.72125816345215
-25.645713806152344 68.19032287597656 -19.06040382385254
-18.851116180419922 64.36250305175781 -15.141070365905762
-26.690399169921875 62.197391510009766 -19.450092315673828
-30.929166793823242 60.873287200927734 -22.003631591796875
-35.42445755004883 60.353370666503906 -27.013092041015625
31.7804012298584 62.814090728759766 25.0013427734375
25.31435775756836 61.93285369873047 22.98688316345215
20.042110443115234 62.118629455566406 18.89616584777832
16.23316764831543 64.22761535644531 14.563671112060547
10.395227432250977 66.77009582519531 8.279152870178223
16.24095916748047 69.36067962646484 14.886584281921387
19.1441650390625 69.45970153808594 19.263254165649414
23.819246292114258 65.5277328491211 22.796817779541016
-30.7385196685791 64.58311462402344 -21.769350051879883
19.365819931030273 66.2917251586914 18.52532196044922
-2.2067439556121826 69.47749328613281 10.817671775817871
-9.127532005310059 47.773406982421875 25.61328887939453
0.23403126001358032 34.05390548706055 25.26736068725586
-4.795148849487305 26.592134475708008 26.060178756713867
-18.205324172973633 31.383081436157227 29.818870544433594
-22.533994674682617 26.23346710205078 20.78965187072754
-33.929134368896484 31.940427780151367 16.302209854125977
-30.03451156616211 27.214252471923828 4.164377689361572
-31.3460693359375 33.970279693603516 1.3284913301467896
-29.57394027709961 47.30893325805664 7.731475830078125
-17.204832077026367 67.90290832519531 -2.3622710704803467
-32.856353759765625 42.44081497192383 31.642263412475586
-26.94853401184082 -16.48051643371582 -15.425219535827637
-30.186534881591797 6.658148765563965 5.590523719787598
-25.534019470214844 9.621971130371094 15.492439270019531
-21.705307006835938 8.94578742980957 19.13457679748535
-16.14688491821289 10.769194602966309 23.161149978637695
-5.600797653198242 6.05986213684082 25.755769729614258
18.3094425201416 -10.070898056030273 18.775964736938477
-3.932659387588501 -24.034461975097656 19.406776428222656
-17.974384307861328 -25.729902267456055 14.307353019714355
-27.594385147094727 -27.97502899169922 9.576780319213867
-20.927732467651367 -24.13399314880371 2.3109374046325684
-12.347678184509277 -20.8836612701416 9.554282188415527
-2.3874850273132324 -22.332345962524414 17.049087524414062
-21.281387329101562 -24.27284812927246 2.5304019451141357
-12.842086791992188 -22.194671630859375 9.890748977661133
-2.306748867034912 -22.15357780456543 16.85988998413086
-44.98710250854492 -8.663409233093262 -60.694969177246094
-10.262383460998535 -21.66340446472168 -26.057146072387695
-19.987112045288086 -27.27131462097168 -19.057147979736328
-22.40469741821289 -82.66338348388672 7.802793025970459
-25.520273208618164 -80.66339111328125 4.17531156539917
-20.987110137939453 -79.95770263671875 11.318638801574707
-10.475544929504395 -81.5747299194336 18.635618209838867
26.851408004760742 -57.251121520996094 25.252620697021484
60.01286315917969 -64.3193359375 11.942841529846191
68.15819549560547 -56.7630615234375 8.942843437194824
24.797298431396484 -9.663409233093262 23.942838668823242
