-54.796112060546875 29.09025001525879 32.81415557861328
-45.593109130859375 40.7452278137207 36.46038055419922
-33.207794189453125 44.25614929199219 40.973941802978516
-19.271047592163086 44.55923080444336 42.39458084106445
-10.279683113098145 36.731449127197266 37.956295013427734
-20.636335372924805 34.583736419677734 36.70528030395508
-33.17560958862305 34.00618362426758 39.62346267700195
-45.699703216552734 30.599876403808594 37.55800247192383
53.35826873779297 38.990821838378906 -18.690404891967773
50.044551849365234 40.87060546875 -3.6336591243743896
42.312744140625 41.61273956298828 6.243275165557861
32.06802749633789 40.803775787353516 13.168341636657715
24.91611099243164 40.44675064086914 22.555706024169922
32.98262023925781 50.12784957885742 19.785354614257812
42.58685302734375 52.37395095825195 6.685640811920166
48.1776123046875 50.37833023071289 -6.182437896728516
-43.11396789550781 16.695714950561523 31.68271255493164
-33.963539123535156 19.808927536010742 34.948822021484375
-27.436922073364258 21.481990814208984 33.997474670410156
-22.491594314575195 21.18907356262207 30.2758846282959
-15.151029586791992 18.010669708251953 23.74163246154785
-22.77340316772461 14.980085372924805 28.0250301361084
-29.12055778503418 13.323966026306152 30.73203468322754
-35.21881866455078 13.878995895385742 31.960956573486328
44.78657531738281 23.07242202758789 -3.5616443157196045
39.635887145996094 20.34121322631836 1.1338926553726196
33.57672882080078 20.207805633544922 3.9981849193573
28.147907257080078 21.184467315673828 5.5810627937316895
19.338340759277344 22.22555160522461 8.70181941986084
28.752655029296875 26.408748626708984 7.843851089477539
34.59309005737305 27.105039596557617 6.724498748779297
40.628353118896484 25.774871826171875 3.486475944519043
-27.58462142944336 17.564361572265625 31.959644317626953
33.87615203857422 24.07242202758789 5.270758628845215
16.53448486328125 20.99582290649414 21.02410316467285
24.27032470703125 -4.612434387207031 24.431114196777344
25.40142250061035 -15.239079475402832 10.436659812927246
24.979650497436523 -23.927583694458008 13.473733901977539
22.20258903503418 -24.59612274169922 24.949064254760742
12.237882614135742 -29.62175178527832 28.016817092895508
3.5211923122406006 -23.812976837158203 38.67110061645508
-7.544477462768555 -25.299560546875 26.48569679260254
-10.461348533630371 -18.432308197021484 25.920320510864258
-2.27809739112854 -6.525395393371582 34.506168365478516
-2.5360958576202393 18.752456665039062 27.793781280517578
18.29828643798828 -18.5026798248291 46.288543701171875
-23.919158935546875 -45.17477035522461 13.43352222442627
-6.991390705108643 -43.78239059448242 24.343345642089844
4.6778364181518555 -41.91461944580078 25.853090286254883
11.944332122802734 -43.34388732910156 23.293045043945312
18.367046356201172 -41.40086364746094 20.172985076904297
24.983604431152344 -42.58124923706055 11.897408485412598
29.02942657470703 -42.48920822143555 -7.302423477172852
22.449466705322266 -53.542232513427734 10.487686157226562
10.926630973815918 -56.141475677490234 19.230316162109375
-4.132386684417725 -55.2124137878418 20.72241973876953
-2.2683305740356445 -47.825294494628906 21.5272216796875
10.41662311553955 -48.214210510253906 19.73591423034668
20.476511001586914 -46.916015625 12.099180221557617
-1.991196632385254 -49.27283477783203 21.011953353881836
10.242352485656738 -49.39949417114258 19.173179626464844
20.105077743530273 -48.09566879272461 12.172511100769043
-84.4183349609375 -19.927583694458008 -2.8748369216918945
-55.397823333740234 -61.334510803222656 8.125164031982422
-43.88218307495117 -74.88545989990234 1.2796919345855713
-31.13512420654297 -84.50650024414062 1.5647153854370117
-11.82079792022705 -93.92535400390625 9.318092346191406
7.072005271911621 -97.02141571044922 6.125164031982422
23.052804946899414 -95.38338470458984 -4.7431488037109375
33.6774787902832 -78.80555725097656 -28.214397430419922
42.82474136352539 -66.9275894165039 -49.46202850341797
42.82807922363281 -66.9275894165039 -49.87484359741211
55.72926330566406 -19.927583694458008 -58.87484359741211
