-47.822113037109375 29.217056274414062 -37.212303161621094
-47.08106231689453 44.876224517822266 -20.07237434387207
-43.03688430786133 48.88642883300781 -4.006036758422852
-38.04719161987305 47.1163215637207 4.97750186920166
-30.74894142150879 37.61758041381836 7.076077938079834
-35.652828216552734 35.61412811279297 -4.154911041259766
-42.07997131347656 38.62950897216797 -8.390047073364258
-47.370201110839844 35.584651947021484 -19.432870864868164
50.57665252685547 30.98627471923828 29.899011611938477
35.50679016113281 34.906925201416016 36.147132873535156
21.845169067382812 37.352413177490234 35.34321212768555
9.800969123840332 37.52907180786133 30.280546188354492
-2.0281448364257812 39.11604309082031 29.189346313476562
6.812942028045654 48.251583099365234 37.28058624267578
23.072324752807617 48.68049240112305 37.586326599121094
37.48371887207031 44.3287467956543 35.13246536254883
-44.61565017700195 18.84589958190918 -23.81825828552246
-36.4449462890625 25.1204891204834 -8.828885078430176
-30.567729949951172 26.445310592651367 -5.729323387145996
-29.83415412902832 24.7819881439209 -6.167856216430664
-23.366867065429688 19.84593963623047 -5.316192626953125
-30.56727409362793 17.758302688598633 -9.402796745300293
-26.061338424682617 14.245044708251953 -7.063018798828125
-35.60142517089844 17.465457916259766 -11.383002281188965
31.46700668334961 13.245072364807129 30.67499351501465
24.118057250976562 13.069295883178711 28.98996925354004
18.585838317871094 14.33520221710205 25.9084415435791
14.182376861572266 16.55321502685547 22.482635498046875
7.163966178894043 19.95745086669922 17.412124633789062
13.328502655029297 21.47931480407715 24.037015914916992
16.27574920654297 20.64312744140625 28.45801544189453
21.22418212890625 17.9259090423584 32.10212326049805
-30.8497257232666 21.985471725463867 -7.849610805511475
17.13804817199707 16.916988372802734 26.58030891418457
-6.471867561340332 19.807003021240234 21.528493881225586
-8.225743293762207 -7.596621513366699 30.12959098815918
3.031069278717041 -19.098308563232422 23.77100944519043
-1.5162941217422485 -27.27713966369629 24.016775131225586
-14.904711723327637 -24.758438110351562 31.869417190551758
-19.798608779907227 -29.17433738708496 21.936817169189453
-31.62396812438965 -23.642736434936523 19.70659637451172
-25.994808197021484 -26.330528259277344 5.372227191925049
-27.777435302734375 -18.588682174682617 3.4109554290771484
-30.23076629638672 -7.250977039337158 13.615362167358398
-21.434139251708984 19.89493751525879 8.485355377197266
-31.333473205566406 -16.37554359436035 36.1236686706543
-26.990859985351562 -51.87519454956055 -14.350351333618164
-27.281339645385742 -46.24323272705078 4.6554975509643555
-23.445316314697266 -42.99771499633789 15.286189079284668
-18.729646682739258 -44.95061111450195 19.92780113220215
-12.7677001953125 -43.846435546875 23.440340042114258
-1.2732330560684204 -47.578548431396484 24.372249603271484
16.07564353942871 -53.50405502319336 18.356409072875977
-2.4225587844848633 -61.333377838134766 21.003433227539062
-15.017727851867676 -62.57632827758789 15.117090225219727
-23.08289909362793 -60.277244567871094 3.716942548751831
-23.102619171142578 -51.10737609863281 6.038064479827881
-15.59060287475586 -51.403804779052734 16.018491744995117
-4.35380744934082 -51.61740493774414 20.587617874145508
-22.68482208251953 -52.60929870605469 6.245802879333496
-15.224188804626465 -53.03874206542969 15.560385704040527
-4.524975776672363 -53.24433898925781 20.39720916748047
-36.590606689453125 -24.26217269897461 -77.41404724121094
-38.183250427246094 -49.262176513671875 -62.98323440551758
-30.590604782104492 -76.03870391845703 -37.98323440551758
-30.590604782104492 -76.03870391845703 -37.98323440551758
-20.844547271728516 -90.12128448486328 -4.0829644203186035
-6.80244779586792 -93.67170715332031 9.161486625671387
14.001875877380371 -93.85652160644531 14.745500564575195
40.40940475463867 -87.2621841430664 9.495426177978516
60.40940475463867 -71.9600830078125 10.016773223876953
76.40940856933594 -57.280887603759766 4.0167717933654785
84.66795349121094 -48.262176513671875 -0.9832280278205872
