-54.59320831298828 47.1728630065918 -22.10125732421875
-50.62607192993164 58.33320999145508 -10.370866775512695
-43.97237777709961 62.065040588378906 2.307343006134033
-34.105892181396484 61.910301208496094 12.520162582397461
-25.604598999023438 55.48350524902344 18.37752342224121
-33.04779052734375 53.30208969116211 8.427741050720215
-43.65117263793945 52.345367431640625 1.805171012878418
-51.17116928100586 49.30759811401367 -8.929807662963867
57.970035552978516 55.37662887573242 22.29598045349121
45.64254379272461 56.15330123901367 29.948171615600586
31.80840492248535 57.55427169799805 32.2938117980957
19.585020065307617 56.83320999145508 29.437652587890625
6.827441692352295 56.60658264160156 30.951894760131836
16.33194923400879 64.07040405273438 33.831878662109375
31.113134384155273 66.06227111816406 33.43202209472656
46.729225158691406 65.57029724121094 28.488615036010742
-44.72092056274414 35.79597473144531 -6.956176280975342
-40.275638580322266 40.42733383178711 0.47166579961776733
-26.539323806762695 46.024871826171875 6.179913520812988
-19.820615768432617 46.751094818115234 8.380139350891113
-20.12812042236328 38.870811462402344 5.006736755371094
-28.506092071533203 36.49573516845703 4.13870096206665
-34.045875549316406 34.63076400756836 2.087200164794922
-39.37266159057617 33.941261291503906 -1.9214589595794678
38.903709411621094 41.29521179199219 28.132699966430664
33.02748107910156 39.5658073425293 27.32610511779785
27.44680404663086 39.51503372192383 26.127643585205078
22.02407455444336 40.41682052612305 23.51307487487793
12.916858673095703 41.88214111328125 18.85507583618164
21.026323318481445 46.109806060791016 25.292781829833984
26.531103134155273 47.9154052734375 28.92867088317871
32.41620635986328 44.866798400878906 29.169570922851562
-34.78007888793945 39.12570571899414 4.58502197265625
25.802717208862305 42.83456039428711 27.88657569885254
2.4872655868530273 42.40013885498047 26.897554397583008
3.5730628967285156 20.797998428344727 39.42853927612305
10.718392372131348 8.868066787719727 33.61848831176758
5.901137828826904 1.3342167139053345 36.020965576171875
-3.4722537994384766 7.123424530029297 47.87374496459961
-11.417440414428711 1.0668680667877197 40.551177978515625
-19.500659942626953 5.317632675170898 35.42278289794922
-21.431123733520508 0.9805697798728943 25.860118865966797
-23.204883575439453 6.977611541748047 21.258506774902344
-21.773494720458984 18.804405212402344 30.31283187866211
-15.297650337219238 40.72261047363281 20.12896728515625
-18.248899459838867 15.895344734191895 54.29594039916992
-29.285032272338867 -29.45802879333496 20.384140014648438
-24.609149932861328 -18.057432174682617 33.63062286376953
-18.06348991394043 -10.709453582763672 41.11387252807617
-12.962200164794922 -12.008357048034668 44.901031494140625
-6.310454368591309 -10.606850624084473 46.07424545288086
3.5503671169281006 -15.883611679077148 45.47574234008789
16.67427635192871 -24.76243782043457 40.49643325805664
1.0361589193344116 -30.095748901367188 46.125694274902344
-10.781643867492676 -31.317968368530273 43.53091812133789
-21.51448631286621 -32.246360778808594 36.16354751586914
-19.534090042114258 -21.950910568237305 33.81139373779297
-11.08292007446289 -20.38263702392578 41.24510955810547
-0.29497870802879333 -20.530658721923828 43.11796188354492
-19.639371871948242 -23.640348434448242 34.4321174621582
-10.820124626159668 -22.279268264770508 41.061988830566406
-0.18029265105724335 -21.97635269165039 43.911617279052734
-42.02696228027344 -41.45802307128906 -53.46894836425781
-42.233001708984375 -46.45802307128906 -47.94734573364258
-38.28660583496094 -59.45801544189453 -27.947351455688477
-29.026966094970703 -69.05207061767578 2.052638053894043
-21.3969669342041 -72.07331085205078 26.670759201049805
-5.026975154876709 -69.38057708740234 42.0526237487793
19.505212783813477 -66.45801544189453 40.0526237487793
38.809669494628906 -59.833282470703125 30.10500717163086
56.55851364135742 -54.4580192565918 18.052631378173828
73.1121597290039 -42.45802307128906 7.05263614654541
87.65444946289062 -13.458033561706543 -8.947358131408691
