-51.95780563354492 33.17530059814453 -24.48660659790039
-48.98935317993164 44.1396369934082 -13.127849578857422
-44.66058349609375 46.560401916503906 -0.8108011484146118
-37.10207748413086 46.42239761352539 9.682082176208496
-29.200176239013672 40.48051834106445 15.765724182128906
-34.62054443359375 38.57018280029297 6.087488651275635
-43.71820068359375 38.134429931640625 -1.0627800226211548
-49.55573272705078 35.161930084228516 -11.777704238891602
51.97734069824219 45.51099395751953 32.35174560546875
39.2166748046875 45.38496780395508 37.556583404541016
26.07753562927246 45.646060943603516 37.93806838989258
14.930583000183105 44.236228942871094 33.94283676147461
2.2064759731292725 43.6933479309082 33.65089797973633
10.929242134094238 51.325374603271484 37.50736618041992
25.02939796447754 54.531944274902344 38.56911087036133
39.85099792480469 54.02445602416992 36.56661605834961
-43.63591384887695 21.526809692382812 -12.364121437072754
-39.572906494140625 25.06439781188965 -3.0877583026885986
-34.830142974853516 26.659719467163086 0.961922287940979
-29.117361068725586 27.58467674255371 2.6972453594207764
-20.15915870666504 25.102752685546875 4.277563095092773
-28.31835174560547 22.54132080078125 1.5428522825241089
-33.37689971923828 20.19442367553711 -0.8432457447052002
-38.1313362121582 20.166933059692383 -3.694887161254883
34.73743438720703 29.161460876464844 33.66417694091797
28.919776916503906 27.142471313476562 32.01681137084961
22.693429946899414 26.77411651611328 29.984060287475586
17.896974563598633 27.998306274414062 26.940317153930664
9.479187965393066 28.807340621948242 21.480636596679688
16.884706497192383 32.7368049621582 28.35616111755371
21.04497528076172 33.19187927246094 32.34825134277344
27.591205596923828 31.62592887878418 34.35342025756836
-34.25953674316406 24.407033920288086 1.1259576082229614
21.20903968811035 29.72015380859375 31.292924880981445
-1.4612703323364258 28.639606475830078 27.59097671508789
-0.8282085061073303 8.079057693481445 39.58393478393555
10.296863555908203 -1.6531554460525513 34.40408706665039
5.50408935546875 -9.890909194946289 36.04621124267578
-3.1056671142578125 -10.243548393249512 41.152530670166016
-13.511686325073242 -12.88526725769043 37.09135437011719
-21.390552520751953 -10.41592025756836 28.521848678588867
-22.36212730407715 -12.21696662902832 19.647302627563477
-25.25435447692871 -5.8231353759765625 17.14891242980957
-24.293609619140625 4.669825077056885 27.151123046875
-17.98037338256836 26.424175262451172 18.490964889526367
-22.930566787719727 -0.5629493594169617 51.39430618286133
-27.02861213684082 -39.82236099243164 6.319672584533691
-24.458419799804688 -30.436527252197266 24.916242599487305
-18.44922637939453 -25.036821365356445 33.69758224487305
-13.035693168640137 -26.27379035949707 37.98097229003906
-6.854540824890137 -24.09618377685547 40.55220031738281
3.783022165298462 -27.374839782714844 41.53078842163086
20.69683265686035 -33.48065948486328 36.33961868286133
2.363382339477539 -39.66881561279297 41.48038101196289
-10.937679290771484 -42.116615295410156 37.4377555847168
-21.12529754638672 -43.04600524902344 27.70790672302246
-19.46468162536621 -33.66587829589844 26.91838836669922
-11.256625175476074 -32.884193420410156 35.688663482666016
0.20876985788345337 -31.691925048828125 38.85969924926758
-19.26399040222168 -35.83606719970703 27.323246002197266
-10.874202728271484 -34.35836410522461 35.26274871826172
0.023809542879462242 -33.07335662841797 39.096736907958984
-30.511690139770508 -51.008094787597656 -61.599308013916016
-29.897798538208008 -61.11661911010742 -54.59930419921875
-26.511688232421875 -75.61912536621094 -26.599300384521484
-22.06268310546875 -82.11662292480469 -6.599295139312744
-17.44241714477539 -85.95686340332031 19.135725021362305
-5.951060771942139 -85.11662292480469 34.40071487426758
21.938390731811523 -76.11662292480469 38.96360778808594
40.17263412475586 -69.60081481933594 31.989198684692383
68.48833465576172 -58.11661911010742 18.670974731445312
88.18187713623047 -42.116615295410156 0.4007070064544678
94.8515625 -25.116609573364258 -8.599294662475586
