-40.896087646484375 23.403072357177734 11.314530372619629
-31.724775314331055 33.82368469238281 12.591514587402344
-20.182720184326172 37.249046325683594 13.493242263793945
-9.630311965942383 37.12836837768555 12.582768440246582
0.782071053981781 29.614599227905273 10.259310722351074
-10.745824813842773 27.503650665283203 12.284881591796875
-19.953296661376953 28.296714782714844 14.947184562683105
-30.19562530517578 25.958147048950195 14.986519813537598
58.714996337890625 18.114538192749023 -33.987754821777344
54.90410232543945 21.98003578186035 -21.876901626586914
47.907447814941406 25.92987823486328 -14.41347599029541
37.96336364746094 26.17131996154785 -8.51630973815918
29.661527633666992 29.027814865112305 -1.6492877006530762
39.07822036743164 35.353431701660156 -7.6732940673828125
48.16349792480469 34.16194152832031 -15.547676086425781
55.458770751953125 29.469310760498047 -26.759931564331055
-28.012012481689453 11.156685829162598 15.115323066711426
-18.60042381286621 16.493833541870117 17.077550888061523
-14.144545555114746 19.16639518737793 16.61972999572754
-7.569561004638672 15.763431549072266 13.658851623535156
-2.7486793994903564 11.138528823852539 8.809755325317383
-9.152595520019531 10.305688858032227 12.531634330749512
-13.95187759399414 9.623995780944824 14.71115493774414
-21.046831130981445 9.56698226928711 15.742366790771484
50.863685607910156 6.566983222961426 -16.34415626525879
46.73805618286133 6.355485439300537 -11.60572338104248
41.925148010253906 6.483767032623291 -7.9375457763671875
36.10643768310547 8.321791648864746 -6.024007797241211
29.040067672729492 10.007322311401367 -3.669090747833252
35.23790740966797 11.341565132141113 -5.721548080444336
42.8121337890625 13.299752235412598 -6.058440685272217
48.14015197753906 10.060836791992188 -10.666001319885254
-13.173686981201172 11.744058609008789 15.766942977905273
41.28670120239258 8.56698226928711 -7.718850135803223
23.01056480407715 11.753071784973145 3.1725552082061768
31.383577346801758 -8.843099594116211 16.735843658447266
37.15829086303711 -22.586999893188477 10.142794609069824
34.89216232299805 -28.368911743164062 16.3496036529541
31.129169464111328 -23.356693267822266 22.881118774414062
21.39642906188965 -26.227529525756836 26.298480987548828
11.750378608703613 -22.458362579345703 29.795494079589844
4.729614734649658 -26.68718910217285 27.65199089050293
-0.8238069415092468 -21.803192138671875 24.2673282623291
8.590563774108887 -8.247241973876953 25.184602737426758
6.649984359741211 11.50584602355957 8.69519329071045
26.191638946533203 -10.22817611694336 37.293758392333984
-3.748479127883911 -50.43299865722656 34.88010787963867
7.44117546081543 -41.21942138671875 37.200477600097656
17.79745864868164 -36.27610397338867 36.31367874145508
25.277477264404297 -37.75773620605469 35.38494110107422
30.119869232177734 -37.395572662353516 31.25362777709961
36.76210021972656 -43.32115936279297 26.46979522705078
41.00007247924805 -52.878116607666016 16.912628173828125
36.09029769897461 -55.391822814941406 30.541412353515625
25.510818481445312 -54.608436584472656 39.819908142089844
11.528284072875977 -53.64439392089844 40.30355453491211
12.017010688781738 -45.29849624633789 36.4443473815918
24.27920913696289 -45.08139419555664 35.55860900878906
32.404319763183594 -46.660675048828125 28.735145568847656
12.203548431396484 -46.328956604003906 36.91658020019531
24.187829971313477 -46.43300247192383 35.72491455078125
32.623260498046875 -47.65785217285156 29.83195686340332
-72.98882293701172 -47.43300247192383 -15.857197761535645
-54.89801025390625 -67.43299865722656 8.14279556274414
-35.55702209472656 -79.14147186279297 20.751052856445312
-20.314706802368164 -85.06555938720703 30.14278793334961
0.012374301441013813 -88.75751495361328 42.37436294555664
21.685279846191406 -91.43299102783203 43.345481872558594
35.65431213378906 -92.02067565917969 35.21628952026367
47.739253997802734 -88.90895080566406 4.7445526123046875
53.231781005859375 -85.43299102783203 -20.857196807861328
58.59817123413086 -74.43299102783203 -38.8571891784668
59.26839828491211 -57.43299865722656 -59.85718536376953
