-39.948734283447266 39.85859298706055 15.10414981842041
-31.103883743286133 49.262794494628906 15.760858535766602
-20.781808853149414 52.152503967285156 16.835182189941406
-10.169819831848145 52.244895935058594 16.096662521362305
-1.085819959640503 45.45819091796875 14.870577812194824
-11.595216751098633 43.96192932128906 16.248363494873047
-20.92604637145996 45.18841552734375 18.41358757019043
-30.33108901977539 42.65928649902344 18.345489501953125
59.30698776245117 32.12504196166992 -26.728219985961914
54.729549407958984 35.17171859741211 -16.25751495361328
47.688663482666016 39.48447799682617 -9.468927383422852
39.111026763916016 39.90092086791992 -4.490956783294678
31.6109619140625 42.4540901184082 1.787595272064209
39.737831115722656 49.04495620727539 -3.303246021270752
48.831642150878906 46.458953857421875 -10.825113296508789
56.04214859008789 42.27366638183594 -21.044841766357422
-28.054058074951172 27.09977912902832 18.978605270385742
-20.828693389892578 31.621889114379883 20.337581634521484
-14.031362533569336 32.343101501464844 20.126953125
-8.629413604736328 30.45627212524414 18.018417358398438
-2.9460649490356445 25.85858917236328 13.08491039276123
-9.63692855834961 25.24559783935547 17.13724708557129
-14.608229637145996 24.964021682739258 19.062721252441406
-20.042898178100586 25.84477996826172 20.19327735900879
51.34361267089844 18.9794864654541 -12.016881942749023
46.78399658203125 19.450035095214844 -6.65872859954834
42.092872619628906 20.07701873779297 -3.3240671157836914
36.75825500488281 21.6757869720459 -1.606061339378357
29.386852264404297 23.918352127075195 0.43228644132614136
36.17959213256836 26.338171005249023 -0.6609264612197876
43.787933349609375 27.7291202545166 -2.807164430618286
47.944190979003906 23.64337921142578 -5.928239822387695
-14.123543739318848 27.567914962768555 19.940898895263672
41.88581848144531 22.13063621520996 -3.0779528617858887
22.875633239746094 26.759248733520508 7.499794960021973
30.514726638793945 6.222102642059326 21.42983055114746
37.14977264404297 -3.818179130554199 15.714410781860352
35.15163803100586 -13.141414642333984 19.532812118530273
29.44661521911621 -10.641292572021484 26.174890518188477
21.250253677368164 -10.756902694702148 32.51469421386719
9.034217834472656 -8.852471351623535 32.76249694824219
1.1448607444763184 -9.9365873336792 31.547761917114258
-3.0362064838409424 -3.3078203201293945 29.038219451904297
7.218494415283203 7.372779846191406 28.191410064697266
6.677096843719482 26.02600860595703 12.423873901367188
24.332359313964844 3.8359880447387695 41.14547348022461
-5.218092918395996 -28.970178604125977 36.844417572021484
6.50472354888916 -22.841581344604492 38.98826217651367
15.917927742004395 -20.47983741760254 38.14970016479492
22.294864654541016 -21.995515823364258 37.36212158203125
27.58209800720215 -21.22470474243164 33.54673767089844
34.28865051269531 -24.627206802368164 29.013233184814453
39.70823669433594 -32.9598503112793 19.7808837890625
33.06863784790039 -34.30244445800781 34.191165924072266
24.526334762573242 -33.734859466552734 40.980472564697266
9.97936725616455 -32.386837005615234 42.629520416259766
11.239704132080078 -26.037363052368164 39.43130874633789
22.073989868164062 -26.45903205871582 37.64217758178711
31.227109909057617 -27.797250747680664 31.61838150024414
11.519747734069824 -27.056472778320312 40.023651123046875
22.20339584350586 -27.794538497924805 37.98058319091797
31.32266616821289 -29.020362854003906 32.14070510864258
-61.98027420043945 -49.14141845703125 6.174889087677002
-59.1006965637207 -52.14141845703125 9.174888610839844
-36.20756912231445 -66.14141845703125 25.174890518188477
-20.957040786743164 -70.86846923828125 35.68019104003906
-2.553389072418213 -73.14141845703125 47.08883285522461
20.446613311767578 -74.39385986328125 48.17489242553711
33.916526794433594 -78.14142608642578 36.17489242553711
38.446617126464844 -79.29627227783203 24.174890518188477
50.231510162353516 -71.99649047851562 -13.033632278442383
51.446617126464844 -70.50997924804688 -33.82511520385742
55.446617126464844 -48.283050537109375 -56.82511901855469
