-37.18027877807617 97.23745727539062 11.037358283996582
-31.060264587402344 109.21968078613281 20.780698776245117
-19.930734634399414 111.80028533935547 29.297597885131836
-8.701250076293945 111.60517120361328 35.311038970947266
0.24279767274856567 104.17312622070312 34.75030517578125
-9.48119068145752 102.33696746826172 28.30971908569336
-19.916553497314453 101.94862365722656 26.837284088134766
-28.903385162353516 99.14060974121094 20.09267234802246
70.88178253173828 89.44700622558594 6.935537815093994
63.5171012878418 92.42388153076172 18.390804290771484
54.77389144897461 97.75023651123047 26.337020874023438
44.12223434448242 99.44548797607422 28.235929489135742
33.45722579956055 102.39556884765625 35.10609817504883
43.43845748901367 107.86360168457031 35.595672607421875
55.96854782104492 106.19314575195312 28.959701538085938
67.7476806640625 101.7650375366211 16.819177627563477
-24.54648780822754 86.44466400146484 20.204383850097656
-18.861095428466797 89.90187072753906 26.65650749206543
-12.528286933898926 91.64854431152344 28.349945068359375
-7.2562127113342285 90.63703918457031 26.765823364257812
-0.8888940811157227 87.92040252685547 23.762977600097656
-8.129416465759277 85.48414611816406 25.097414016723633
-13.096948623657227 84.28591918945312 25.06007957458496
-18.14470672607422 84.4887924194336 23.8682804107666
55.814247131347656 80.40357208251953 20.976213455200195
50.43384552001953 79.78728485107422 23.706050872802734
44.82813262939453 80.61913299560547 25.078147888183594
39.25973892211914 82.66717529296875 25.061565399169922
31.90911102294922 85.97380828857422 24.34637451171875
40.24341583251953 87.35381317138672 26.543161392211914
45.93536376953125 86.01410675048828 27.883060455322266
50.829490661621094 83.43080139160156 26.307893753051758
-12.613101959228516 86.12413024902344 26.471466064453125
42.09954071044922 83.2541275024414 26.452335357666016
24.451147079467773 86.98577117919922 33.447689056396484
27.434295654296875 62.5616340637207 47.47999954223633
32.300743103027344 47.956607818603516 34.45002365112305
26.673683166503906 42.06650161743164 41.59370803833008
24.854110717773438 47.57925033569336 50.94617462158203
16.345911026000977 42.22289276123047 54.57576370239258
8.019424438476562 50.022464752197266 50.02989196777344
4.908891201019287 43.74794006347656 42.64162826538086
1.4875434637069702 50.319217681884766 38.1935920715332
6.698875427246094 65.03020477294922 48.60261535644531
7.110257148742676 87.73750305175781 32.56841278076172
18.03126335144043 58.4014892578125 71.3405990600586
-9.329994201660156 17.307355880737305 38.1688232421875
0.40123623609542847 23.708642959594727 48.74030685424805
9.305313110351562 27.325878143310547 54.2301025390625
15.737560272216797 25.416242599487305 54.93403244018555
22.019031524658203 26.83534049987793 54.13410186767578
30.845808029174805 22.643295288085938 47.99774169921875
36.953453063964844 14.765240669250488 36.794639587402344
27.982135772705078 10.619770050048828 46.68281173706055
15.824734687805176 10.490080833435059 50.79598617553711
1.894153118133545 11.74429988861084 48.08917999267578
5.108181953430176 19.5616397857666 47.56396484375
15.46846866607666 18.544239044189453 50.32463836669922
25.011377334594727 18.39808464050293 47.355918884277344
5.059895038604736 18.351804733276367 47.80626678466797
15.380936622619629 17.078514099121094 49.85683822631836
24.741029739379883 16.989822387695312 47.355098724365234
-46.18315887451172 16.976343154907227 -38.97294998168945
-41.939483642578125 -2.4483563899993896 -20.748416900634766
-36.708065032958984 -9.127104759216309 -12.112183570861816
-26.0819149017334 -29.467782974243164 16.983171463012695
-3.2727835178375244 -38.40010070800781 39.31009292602539
11.644455909729004 -39.074867248535156 43.1503791809082
15.383502960205078 -38.950233459472656 38.616485595703125
34.84566116333008 -32.685081481933594 19.55440330505371
53.99921798706055 -22.410280227661133 -1.841143012046814
65.26151275634766 -5.46876335144043 -18.503536224365234
71.71834564208984 13.561640739440918 -34.11335754394531
