-54.534202575683594 79.86630249023438 -4.973588943481445
-46.029518127441406 95.58317565917969 7.609177589416504
-33.83195877075195 97.23209381103516 17.462623596191406
-22.585424423217773 95.57272338867188 23.55430030822754
-15.257871627807617 87.74262237548828 23.269515991210938
-24.697248458862305 85.97859191894531 17.573915481567383
-35.575225830078125 85.74844360351562 16.204608917236328
-46.312225341796875 82.25186920166016 6.446228504180908
54.51841354370117 72.66165161132812 -0.7372820377349854
47.136112213134766 74.17098236083984 8.479814529418945
37.23365783691406 80.27371978759766 18.307573318481445
25.385316848754883 81.85305786132812 20.010725021362305
15.515734672546387 84.90089416503906 23.525548934936523
24.508670806884766 92.43327331542969 25.163198471069336
38.377140045166016 91.62405395507812 18.243825912475586
52.400146484375 85.13489532470703 5.374800205230713
-41.94192123413086 71.69464874267578 8.436460494995117
-31.834312438964844 76.56531524658203 17.269865036010742
-27.65184211730957 78.07157897949219 17.397666931152344
-22.82426643371582 76.47652435302734 15.961584091186523
-17.49542236328125 73.33529663085938 13.667943954467773
-24.14870262145996 70.12887573242188 14.581027030944824
-31.43841552734375 70.38868713378906 15.630355834960938
-32.66413497924805 68.67414855957031 13.761584281921387
36.90135955810547 63.98234176635742 13.717375755310059
32.79216384887695 63.63134002685547 15.04803466796875
27.138158798217773 64.71487426757812 16.084545135498047
24.167316436767578 66.16111755371094 16.454376220703125
17.015260696411133 70.29521179199219 16.698549270629883
22.050296783447266 72.36170959472656 17.316471099853516
25.56093406677246 72.20252227783203 18.902036666870117
35.17171096801758 68.65880584716797 18.039838790893555
-26.201242446899414 73.22767639160156 16.848224639892578
27.853403091430664 67.00320434570312 17.835906982421875
9.041119575500488 72.65550231933594 24.658008575439453
10.392691612243652 49.428504943847656 37.95615768432617
13.390247344970703 34.97050857543945 29.035165786743164
9.702078819274902 26.41390037536621 32.274932861328125
7.293614387512207 35.165897369384766 44.19490051269531
-1.2058863639831543 27.695220947265625 43.90394973754883
-8.579764366149902 35.73582077026367 42.10209655761719
-12.43510913848877 28.473262786865234 31.190303802490234
-14.880106925964355 37.706905364990234 30.194355010986328
-10.701723098754883 50.51786422729492 37.60568618774414
-10.225748062133789 73.8371810913086 22.127460479736328
-0.18628434836864471 45.23145294189453 59.96111297607422
-26.99995994567871 1.8511757850646973 26.288917541503906
-17.57807159423828 8.571453094482422 37.632511138916016
-9.036696434020996 11.93786334991455 43.31647872924805
-2.6951797008514404 9.726746559143066 44.635921478271484
3.5854530334472656 11.187137603759766 44.38338088989258
12.020413398742676 6.999573707580566 39.073585510253906
20.083147048950195 -0.3601864278316498 28.233135223388672
10.386605262756348 -3.311526298522949 37.99942398071289
-1.7428919076919556 -3.3007497787475586 41.0214729309082
-15.014851570129395 -2.4763875007629395 37.92207336425781
-11.971040725708008 4.853043079376221 36.958946228027344
-2.3794515132904053 3.8852343559265137 39.9041633605957
6.97533655166626 3.8530430793762207 38.12113952636719
-12.08699893951416 3.8530430793762207 37.124656677246094
-2.2426271438598633 2.823723077774048 39.50989532470703
7.188745021820068 2.747230052947998 38.135353088378906
-62.45099639892578 15.853045463562012 -55.68354797363281
-56.90668487548828 -17.089380264282227 -35.14152908325195
-54.89448928833008 -20.956464767456055 -33.734920501708984
-32.23711395263672 -51.935768127441406 12.175868034362793
-33.33639907836914 -50.52045822143555 20.23178482055664
-12.984977722167969 -55.20479202270508 28.015899658203125
5.519704341888428 -53.53843307495117 29.954376220703125
36.86626052856445 -42.57358932495117 -6.785404205322266
45.05269241333008 -32.46550750732422 -25.68353843688965
53.33041000366211 -18.37906837463379 -31.911392211914062
60.443321228027344 9.853045463562012 -52.68354415893555
