-58.033668518066406 80.30120849609375 1.5545940399169922
-53.31110763549805 92.0288314819336 15.507491111755371
-43.272552490234375 94.29532623291016 27.15961265563965
-33.8232307434082 94.04297637939453 34.77507019042969
-25.119977951049805 87.24909210205078 35.98044204711914
-32.94660186767578 85.63855743408203 27.969701766967773
-43.180885314941406 85.08283996582031 24.931020736694336
-50.88993453979492 81.92184448242188 15.076275825500488
50.16252136230469 77.49694061279297 21.280115127563477
41.157169342041016 78.62995910644531 30.346588134765625
28.332077026367188 82.9920654296875 37.34954071044922
17.12985610961914 84.34789276123047 36.832820892333984
4.85474967956543 86.32882690429688 41.87249755859375
15.155229568481445 93.1171875 44.510433197021484
29.599023818969727 92.4833984375 40.48363494873047
42.81532669067383 89.65145874023438 32.25505447387695
-46.87513732910156 69.0442886352539 14.055801391601562
-40.226322174072266 74.32844543457031 23.93000602722168
-35.179290771484375 76.30619049072266 25.486562728881836
-30.12386131286621 74.6725082397461 24.664209365844727
-22.16661834716797 71.63035583496094 22.875219345092773
-30.668651580810547 68.67768859863281 22.80146598815918
-35.93462371826172 67.42079162597656 22.11396598815918
-41.175025939941406 67.05661010742188 19.58974838256836
32.8174934387207 66.09925079345703 30.99569320678711
26.862489700317383 65.14179229736328 32.59667205810547
20.996612548828125 65.75981140136719 32.81494903564453
16.186279296875 67.36370086669922 31.911209106445312
8.72567081451416 70.51481628417969 30.143848419189453
15.509474754333496 72.8754653930664 33.55961990356445
18.888450622558594 72.99132537841797 35.788211822509766
27.657875061035156 69.4937973022461 35.77413558959961
-35.145633697509766 70.82371520996094 24.879283905029297
20.159290313720703 67.92603302001953 34.461334228515625
-0.7955631613731384 71.33636474609375 38.790138244628906
1.1168923377990723 46.596736907958984 51.79277038574219
6.749528408050537 33.196922302246094 39.11912536621094
3.6712117195129395 25.609130859375 43.29876708984375
-1.611700415611267 32.538673400878906 53.18375015258789
-10.092307090759277 24.446063995361328 53.686256408691406
-18.274633407592773 31.78861427307129 49.76276779174805
-19.926877975463867 27.40516471862793 40.76265335083008
-21.93747901916504 34.29192352294922 37.30671310424805
-20.244659423828125 46.85905838012695 47.30693817138672
-17.137008666992188 71.31948852539062 34.63542175292969
-13.064310073852539 39.8773078918457 71.4791030883789
-30.913511276245117 1.3648573160171509 28.431804656982422
-23.945213317871094 6.124140739440918 42.818580627441406
-16.315284729003906 9.252080917358398 50.350460052490234
-10.331586837768555 7.366177082061768 52.3890266418457
-3.6452863216400146 9.205612182617188 53.22799301147461
6.417392730712891 5.847806930541992 48.47060012817383
17.33765983581543 0.7650142312049866 36.52637481689453
4.853632926940918 -4.685492992401123 46.848148345947266
-7.835471153259277 -5.278365135192871 48.18185043334961
-20.473371505737305 -4.594305515289307 42.763179779052734
-18.696041107177734 2.2962327003479004 43.20790100097656
-9.01560115814209 1.6560992002487183 48.192142486572266
1.674217700958252 2.2520790100097656 47.19407653808594
-18.480331420898438 1.026463508605957 43.43218231201172
-8.774147033691406 0.4043583273887634 47.61543273925781
1.5159637928009033 1.1650559902191162 47.218772888183594
-54.29835510253906 2.2520790100097656 -30.44541358947754
-48.23103332519531 -21.475326538085938 -24.0477237701416
-39.10115051269531 -33.53431701660156 -14.960952758789062
-32.7891731262207 -43.038185119628906 6.21005916595459
-30.989269256591797 -49.292598724365234 20.33472442626953
10.935140609741211 -45.645240783691406 27.714445114135742
-0.4955671429634094 -47.60799026489258 27.74802589416504
34.89769744873047 -38.213165283203125 19.98944091796875
47.418731689453125 -27.915149688720703 -0.43424299359321594
49.914817810058594 -28.523160934448242 -12.756146430969238
61.096885681152344 -0.572111964225769 -18.445411682128906
