-63.38770294189453 23.592260360717773 16.034069061279297
-52.151206970214844 35.98485565185547 22.93390655517578
-39.200618743896484 39.71160888671875 25.696868896484375
-23.522693634033203 40.835941314697266 27.0107421875
-12.739825248718262 33.7679328918457 24.359893798828125
-24.48346710205078 31.874223709106445 24.226587295532227
-39.15290451049805 30.607318878173828 26.71533203125
-52.274940490722656 26.72060203552246 23.66299819946289
54.1500129699707 26.570114135742188 -20.890762329101562
48.802696228027344 30.173847198486328 -8.198781967163086
40.39556121826172 34.006439208984375 0.8359519839286804
27.864177703857422 33.4144172668457 6.651942253112793
17.72662353515625 35.024654388427734 13.76093578338623
27.531648635864258 44.31979751586914 10.50772762298584
39.78044128417969 43.97393798828125 -0.9945427179336548
49.89255142211914 38.98845672607422 -12.080719947814941
-44.10853958129883 10.655949592590332 22.780242919921875
-32.06128692626953 15.081199645996094 26.205533981323242
-26.861309051513672 16.89163589477539 24.5396728515625
-22.512638092041016 16.684518814086914 21.02503204345703
-16.93686294555664 13.528063774108887 16.555601119995117
-22.598405838012695 11.147625923156738 20.724687576293945
-27.145763397216797 9.370787620544434 23.782333374023438
-33.28889083862305 9.30727767944336 25.347900390625
42.830970764160156 13.611404418945312 -3.5686769485473633
36.73915100097656 11.044021606445312 1.9577325582504272
30.72528076171875 11.591069221496582 4.631307125091553
24.953413009643555 13.000178337097168 4.88677453994751
16.405963897705078 15.049652099609375 5.910073280334473
24.99466323852539 19.055322647094727 5.472678184509277
30.408613204956055 20.13596534729004 5.551726818084717
37.896793365478516 16.924428939819336 3.14994478225708
-26.14513397216797 13.673283576965332 24.044925689697266
26.875288009643555 17.318267822265625 5.506181716918945
10.975593566894531 16.67599868774414 17.792543411254883
18.612472534179688 -6.8227996826171875 31.7597599029541
22.866901397705078 -16.59092903137207 22.02281379699707
22.009580612182617 -25.32164764404297 26.12021255493164
21.279403686523438 -19.209514617919922 42.26691818237305
10.498353958129883 -26.706497192382812 41.3267707824707
1.3320180177688599 -20.63365364074707 46.93114471435547
-6.833804130554199 -25.922502517700195 33.74652099609375
-9.670319557189941 -19.08429527282715 31.99614143371582
-3.440005302429199 -7.650583744049072 39.04561233520508
-5.48631477355957 15.48961353302002 22.145938873291016
13.403156280517578 -10.840221405029297 55.28131103515625
-17.14956283569336 -53.14595413208008 35.09105682373047
-3.727541208267212 -43.91050338745117 42.87739181518555
6.30065393447876 -39.43960189819336 44.42430114746094
13.179816246032715 -40.62577819824219 43.56830978393555
19.110692977905273 -38.93199157714844 40.649024963378906
26.27549934387207 -42.58534622192383 33.61132049560547
32.301841735839844 -50.21702194213867 20.15837860107422
24.24772834777832 -54.811344146728516 33.54664611816406
12.816227912902832 -55.54255294799805 40.57612609863281
-1.301064372062683 -55.76616668701172 41.73245620727539
0.8263216614723206 -47.18876266479492 41.7344970703125
12.636411666870117 -46.893768310546875 40.87156295776367
22.71319007873535 -46.75849151611328 35.39262390136719
1.0391860008239746 -48.33772277832031 42.001869201660156
12.523736953735352 -48.18876266479492 40.46437072753906
22.75591278076172 -47.79096984863281 35.438446044921875
-89.29491424560547 -54.62533187866211 -37.08675765991211
-79.7329330444336 -73.99864196777344 -30.75702476501465
-50.266963958740234 -90.16370391845703 -4.299610137939453
-29.507049560546875 -90.00765991210938 16.49981689453125
-8.775201797485352 -94.91394805908203 26.361465454101562
8.981961250305176 -96.29381561279297 27.618261337280273
25.207748413085938 -92.43145751953125 17.13319969177246
36.35728073120117 -85.28297424316406 -3.8405544757843018
46.26665115356445 -78.21373748779297 -25.291662216186523
48.3001823425293 -71.90660858154297 -50.71761703491211
53.0293083190918 -44.045494079589844 -76.61966705322266
