-54.66290283203125 15.807129859924316 29.012245178222656
-46.30098342895508 26.26376724243164 32.91330337524414
-28.96230125427246 28.31180763244629 35.87638473510742
-12.041359901428223 27.955320358276367 34.23054122924805
-3.2894601821899414 19.467618942260742 28.730592727661133
-15.273577690124512 18.906658172607422 30.833110809326172
-28.775739669799805 18.611913681030273 35.652381896972656
-43.273643493652344 16.181415557861328 34.235084533691406
54.55559158325195 17.43558120727539 -27.411306381225586
51.30488586425781 18.587696075439453 -14.098554611206055
44.84318923950195 20.744613647460938 -3.9719600677490234
33.4957275390625 20.099573135375977 4.485041618347168
25.176855087280273 20.659706115722656 13.10888957977295
34.783145904541016 29.86992073059082 9.9329833984375
44.41598129272461 30.715051651000977 -2.927870988845825
51.8824577331543 29.1079044342041 -16.460420608520508
-37.35400390625 3.841165065765381 29.586435317993164
-27.555194854736328 6.915187835693359 31.347278594970703
-21.632646560668945 7.968018531799316 29.36741828918457
-17.077396392822266 7.136317253112793 26.263042449951172
-10.510984420776367 3.047184467315674 19.85824203491211
-17.224018096923828 1.7322343587875366 25.70018196105957
-22.31027603149414 0.7371875047683716 28.871532440185547
-28.315818786621094 1.2318425178527832 30.808382034301758
45.10923385620117 6.027247428894043 -12.841850280761719
42.38479232788086 3.803687810897827 -6.640230655670166
36.36471176147461 2.245758295059204 -1.7621928453445435
29.942243576049805 2.788722276687622 0.02534397505223751
21.251543045043945 4.503662586212158 1.9346336126327515
30.214202880859375 8.605279922485352 0.698056697845459
36.6135139465332 9.577880859375 -1.2477887868881226
42.050846099853516 8.680734634399414 -6.3304877281188965
-21.814891815185547 5.3803253173828125 29.27206802368164
36.3004035949707 7.034893989562988 -1.4436266422271729
16.993505477905273 3.616878032684326 14.229384422302246
24.11810874938965 -23.003131866455078 22.668376922607422
26.34004783630371 -32.13874435424805 10.070745468139648
25.153976440429688 -40.02546691894531 12.672065734863281
26.23674774169922 -38.64771270751953 26.823097229003906
16.081600189208984 -43.704227447509766 30.038925170898438
6.4663825035095215 -38.730857849121094 34.96265411376953
-3.0424046516418457 -39.819454193115234 26.235111236572266
-5.923806190490723 -32.76354217529297 25.766023635864258
3.2278919219970703 -22.777774810791016 31.798110961914062
0.9720441699028015 2.679142475128174 21.06003189086914
22.64888572692871 -31.645301818847656 46.00221633911133
-19.627546310424805 -60.47117614746094 23.939538955688477
-1.3019393682479858 -57.22004699707031 30.964996337890625
10.122381210327148 -54.6027717590332 30.47543716430664
16.88874053955078 -56.341312408447266 27.952682495117188
22.2443790435791 -54.58787155151367 23.953105926513672
28.460006713867188 -56.293914794921875 15.419964790344238
31.896568298339844 -59.472145080566406 -0.5184018015861511
26.534944534301758 -68.19903564453125 15.264562606811523
16.10240936279297 -69.80661010742188 24.895034790039062
1.2634997367858887 -68.36585235595703 29.243858337402344
3.271054983139038 -60.81993865966797 29.538354873657227
15.912822723388672 -61.34170150756836 25.8928279876709
25.283363342285156 -60.533660888671875 18.352296829223633
3.953596591949463 -61.81193923950195 29.621376037597656
15.850175857543945 -62.50175476074219 25.601051330566406
25.29698371887207 -61.802345275878906 18.362258911132812
-87.35078430175781 -59.96512222290039 -13.026087760925293
-82.01172637939453 -67.57943725585938 -10.755825996398926
-60.72435760498047 -90.10302734375 -4.295708656311035
-35.947471618652344 -96.72484588623047 6.329342365264893
-11.512849807739258 -104.81466674804688 10.70720100402832
6.4728264808654785 -106.15874481201172 6.769146919250488
20.12986946105957 -102.6625747680664 -9.338628768920898
29.812355041503906 -91.81826782226562 -27.066974639892578
35.388057708740234 -84.78797149658203 -49.1218147277832
37.43144989013672 -74.60132598876953 -66.79447174072266
42.9128303527832 -54.05325698852539 -78.0261001586914
