-42.02616882324219 44.10649871826172 36.01448059082031
-30.499893188476562 52.290733337402344 37.22530746459961
-17.26645851135254 54.08572006225586 40.491050720214844
-6.034313678741455 53.24433135986328 41.427207946777344
2.3172342777252197 46.83066940307617 39.14449691772461
-7.788093566894531 44.4199104309082 39.72354507446289
-17.510883331298828 45.00169372558594 41.335811614990234
-28.686782836914062 43.65159606933594 41.00776672363281
58.03700256347656 37.533878326416016 -20.852815628051758
55.40227508544922 38.221771240234375 -5.645617961883545
49.43708038330078 39.931793212890625 3.888923168182373
41.36740493774414 40.845489501953125 11.449368476867676
35.52642059326172 44.833740234375 19.745962142944336
43.218223571777344 50.00312042236328 12.962675094604492
49.66436004638672 48.744361877441406 2.598907709121704
54.76471710205078 46.75068664550781 -9.028960227966309
-27.469009399414062 27.33623504638672 37.26773452758789
-16.741342544555664 29.752649307250977 39.36438751220703
-11.575309753417969 31.777565002441406 37.56201934814453
-7.550360202789307 31.15258026123047 33.798954010009766
-1.6819192171096802 27.013500213623047 27.93933868408203
-8.47629451751709 25.560474395751953 32.729461669921875
-12.959928512573242 24.318603515625 35.66640853881836
-19.130142211914062 23.79475975036621 37.33203125
48.75555419921875 22.346574783325195 -1.8202625513076782
44.690032958984375 20.99034881591797 2.8810486793518066
40.090084075927734 21.93977165222168 6.705930709838867
35.26130676269531 23.42901039123535 8.71394157409668
27.18988609313965 25.752553939819336 12.761701583862305
35.854698181152344 28.606664657592773 9.914244651794434
41.643310546875 27.565824508666992 8.27904224395752
46.167442321777344 25.893680572509766 4.717562198638916
-11.518078804016113 27.985095977783203 36.818729400634766
40.730751037597656 24.53034782409668 7.78265380859375
25.191057205200195 28.156219482421875 23.552486419677734
35.43415832519531 9.929388046264648 35.79787826538086
38.434810638427734 -2.8663265705108643 29.800230026245117
35.38167953491211 -8.867783546447754 32.360042572021484
37.2845458984375 -2.8401906490325928 47.04941940307617
26.240753173828125 -8.128615379333496 48.89945602416992
18.14691925048828 -2.08591628074646 54.41777420043945
7.530054092407227 -8.015741348266602 46.72258377075195
2.5826385021209717 -2.4031002521514893 45.44922637939453
12.433951377868652 10.741634368896484 48.40755844116211
10.080663681030273 28.408023834228516 31.504350662231445
33.73915481567383 7.664550304412842 61.28077697753906
-6.003908157348633 -32.65341567993164 49.58478927612305
9.56680679321289 -26.219127655029297 56.00225067138672
20.977985382080078 -21.955196380615234 54.64448165893555
27.324750900268555 -23.94414710998535 52.368927001953125
32.910186767578125 -22.76738929748535 48.438392639160156
39.699832916259766 -27.86770248413086 39.471187591552734
41.627506256103516 -34.65341567993164 24.105989456176758
36.09065246582031 -38.162776947021484 40.02235794067383
25.250835418701172 -37.86296844482422 49.427276611328125
11.761771202087402 -36.964595794677734 53.03132629394531
14.243708610534668 -29.65341567993164 53.63372039794922
25.625492095947266 -29.65341567993164 50.350425720214844
34.17521667480469 -29.99477767944336 44.2753791809082
14.327362060546875 -30.75572395324707 53.39218521118164
25.31230354309082 -30.815364837646484 49.8819694519043
34.09882354736328 -30.949066162109375 44.170135498046875
-68.17727661132812 -30.260662078857422 17.833812713623047
-53.57414245605469 -54.41165542602539 27.212013244628906
-37.400062561035156 -61.29114532470703 34.80190658569336
-18.444976806640625 -64.82115173339844 43.845767974853516
3.2656466960906982 -70.79623413085938 51.06654357910156
21.96429443359375 -71.70417022705078 48.40304946899414
38.65803527832031 -70.49356079101562 32.62226104736328
44.208900451660156 -66.73657989501953 7.191467761993408
46.81581115722656 -63.67034149169922 -14.985207557678223
48.240745544433594 -57.10750198364258 -32.91093063354492
49.255977630615234 -39.29471206665039 -45.77963638305664
