-35.21405029296875 45.897003173828125 26.38224983215332
-22.272581100463867 54.385616302490234 29.876794815063477
-9.85860824584961 56.218326568603516 33.14516830444336
1.6029714345932007 55.44297790527344 34.552852630615234
9.415716171264648 48.58241271972656 32.60380554199219
-0.32395270466804504 46.74165725708008 32.576148986816406
-11.752630233764648 47.9121208190918 34.07154846191406
-21.647626876831055 46.298954010009766 32.68721008300781
69.87872314453125 39.306243896484375 -18.19317054748535
65.27867126464844 39.98908233642578 -6.577422142028809
58.91576385498047 42.31781768798828 2.2985341548919678
49.82007598876953 43.32383346557617 9.079699516296387
43.16532516479492 46.53164291381836 16.404449462890625
51.67033004760742 51.44649887084961 10.923745155334473
59.09152603149414 50.260501861572266 1.3256380558013916
65.3157958984375 48.044517517089844 -8.483071327209473
-19.652406692504883 31.790658950805664 29.208946228027344
-10.875960350036621 34.59771728515625 31.862367630004883
-4.144991397857666 36.52941131591797 30.86961555480957
0.10573221743106842 34.545570373535156 26.951435089111328
6.767290115356445 31.23427963256836 21.690025329589844
-0.6369993090629578 29.91086769104004 25.780174255371094
-8.089702606201172 28.47075653076172 29.13401985168457
-11.701205253601074 29.60300064086914 30.014644622802734
59.12406539916992 27.612445831298828 -3.7401158809661865
55.03712844848633 25.9290828704834 0.26335635781288147
50.311214447021484 26.18907356262207 3.37844181060791
44.791053771972656 27.64083480834961 5.436351776123047
36.59031677246094 30.145038604736328 8.24207592010498
45.18574905395508 32.66444778442383 6.486806392669678
53.23080062866211 32.1993293762207 4.404361248016357
56.36860656738281 30.05336570739746 1.158515214920044
-4.885604381561279 31.9014892578125 29.242694854736328
49.95304870605469 29.290565490722656 4.286332607269287
33.451236724853516 32.23057556152344 19.31043243408203
42.11873245239258 13.853607177734375 31.396177291870117
44.471492767333984 0.5468953251838684 21.492820739746094
42.70454025268555 -5.002309799194336 27.405920028686523
40.093570709228516 -1.5678538084030151 38.611732482910156
31.786508560180664 -4.486269474029541 43.30785369873047
22.004308700561523 1.1564385890960693 47.07169723510742
12.422589302062988 -2.8458330631256104 39.88750076293945
8.349066734313965 3.659943103790283 39.254005432128906
18.738327026367188 15.130779266357422 41.867225646972656
17.38905906677246 32.19064712524414 24.84351921081543
38.151920318603516 10.634309768676758 56.815521240234375
-1.7448468208312988 -27.169429779052734 37.36075973510742
13.187352180480957 -20.57337188720703 46.208763122558594
24.36031150817871 -17.554157257080078 46.212032318115234
30.906816482543945 -19.46868324279785 44.5447998046875
37.02700424194336 -18.46379280090332 41.127925872802734
44.08234405517578 -21.916839599609375 34.040374755859375
47.80536651611328 -30.212169647216797 16.4467830657959
42.300724029541016 -32.83196258544922 34.39582061767578
30.28681182861328 -31.773357391357422 44.38005065917969
16.947521209716797 -30.285520553588867 46.039310455322266
19.28844451904297 -23.450035095214844 45.83536911010742
30.397682189941406 -23.968307495117188 43.98634338378906
40.13890075683594 -24.390644073486328 37.240474700927734
19.612462997436523 -24.56241798400879 45.81068420410156
30.463397979736328 -25.233797073364258 43.974876403808594
41.62127685546875 -25.83477783203125 35.6905632019043
-66.44976806640625 -30.37396240234375 -8.51702880859375
-52.03299331665039 -46.87765121459961 10.953691482543945
-32.58869171142578 -55.562232971191406 23.270538330078125
-13.61766242980957 -59.65601348876953 33.500221252441406
8.445144653320312 -63.57125473022461 44.42022705078125
28.726926803588867 -62.00551223754883 42.462791442871094
47.30677032470703 -65.43133544921875 21.330224990844727
53.18273162841797 -59.00761413574219 2.645158529281616
56.170806884765625 -60.149723052978516 -29.880327224731445
56.66070556640625 -56.996429443359375 -43.56562805175781
52.102169036865234 -46.67923355102539 -66.88182830810547
