-40.15168762207031 -3.05823016166687 32.551700592041016
-31.4736385345459 4.2462873458862305 37.49237060546875
-17.92319679260254 4.533327102661133 38.50388717651367
-5.182953357696533 2.9009816646575928 37.02438735961914
1.9076924324035645 -3.4998321533203125 31.64795684814453
-8.658113479614258 -3.061344861984253 33.00421142578125
-19.90019989013672 -3.8594014644622803 36.90760803222656
-31.41978645324707 -4.801246166229248 35.389583587646484
54.051788330078125 -0.4693635106086731 -24.200963973999023
51.70283889770508 -1.9837239980697632 -10.637825012207031
45.69356155395508 -2.4386632442474365 0.5740402936935425
36.19374084472656 -2.517378568649292 6.730076313018799
29.73554229736328 -3.2409021854400635 16.328197479248047
38.93266296386719 4.5713043212890625 13.587677955627441
47.121368408203125 7.9542436599731445 3.2300660610198975
53.12569046020508 5.3646931648254395 -7.372660160064697
-33.52531433105469 -13.55530071258545 27.697303771972656
-21.152217864990234 -11.436041831970215 30.202651977539062
-15.802145957946777 -10.67029857635498 28.912921905517578
-11.644397735595703 -10.543245315551758 25.9293270111084
-6.501561164855957 -11.849632263183594 19.24968147277832
-13.111233711242676 -14.224781036376953 22.822717666625977
-17.788206100463867 -15.895545959472656 24.474802017211914
-22.41371726989746 -14.832379341125488 27.046581268310547
45.383358001708984 -12.742975234985352 -15.096572875976562
40.68882751464844 -15.407033920288086 -9.828327178955078
36.141422271728516 -15.833658218383789 -6.376001834869385
31.331022262573242 -14.047415733337402 -3.2544963359832764
25.37139129638672 -12.966307640075684 1.430397868156433
32.598121643066406 -10.564891815185547 -0.002596959937363863
37.70458984375 -9.405768394470215 -0.38202306628227234
40.095703125 -9.792357444763184 -1.9372484683990479
-16.38479232788086 -13.285788536071777 27.03668212890625
37.60546875 -13.731095314025879 -4.782657146453857
21.565265655517578 -15.039926528930664 13.11853313446045
25.702499389648438 -37.04523849487305 16.367231369018555
26.2241153717041 -41.97010040283203 2.994370937347412
23.825729370117188 -50.7221565246582 3.324553966522217
22.79233169555664 -53.082374572753906 14.78116226196289
13.406683921813965 -56.316810607910156 17.7694034576416
5.111410617828369 -52.26240921020508 24.5903377532959
-3.175964117050171 -50.2464599609375 16.44206428527832
-3.5431408882141113 -43.61419677734375 20.014455795288086
5.283175945281982 -36.87548828125 26.697834014892578
5.4946746826171875 -14.633647918701172 21.131637573242188
21.19573974609375 -49.81916809082031 35.95428466796875
-22.12535858154297 -68.00564575195312 6.459065914154053
-4.769706726074219 -67.43912506103516 13.949125289916992
5.843678951263428 -66.40099334716797 14.066704750061035
12.165785789489746 -68.53812408447266 11.273801803588867
17.635700225830078 -65.86198425292969 8.037672996520996
24.279052734375 -67.31485748291016 0.020403143018484116
27.08993148803711 -68.65995788574219 -17.84485626220703
21.20274543762207 -76.97177124023438 -2.4020943641662598
10.763896942138672 -78.82594299316406 6.253276824951172
-3.303457021713257 -77.08930969238281 9.435989379882812
-0.41253235936164856 -71.62074279785156 11.431402206420898
10.929490089416504 -72.94757080078125 7.903067111968994
21.067472457885742 -72.14268493652344 0.4080548584461212
-0.2558998465538025 -72.6485366821289 10.710479736328125
10.743492126464844 -73.8812255859375 7.421474933624268
20.6474552154541 -73.1436996459961 0.2421496957540512
-86.49275970458984 -16.577592849731445 -14.741430282592773
-84.0956802368164 -66.1436996459961 -41.096946716308594
-66.69009399414062 -82.1436996459961 -22.096940994262695
-37.616661071777344 -98.14370727539062 -9.66267204284668
-16.062335968017578 -110.14370727539062 -1.1987738609313965
4.220139980316162 -113.14370727539062 -3.096935987472534
20.64656639099121 -110.14370727539062 -21.096939086914062
25.428152084350586 -92.18331909179688 -46.87755584716797
23.0225830078125 -79.17484283447266 -75.71446228027344
20.247236251831055 -64.55157470703125 -97.09695434570312
29.66411018371582 -37.53551483154297 -94.09695434570312
