-63.68257141113281 12.582111358642578 -1.3828260898590088
-58.364017486572266 20.84829330444336 8.502873420715332
-48.03769302368164 22.72901725769043 17.825117111206055
-36.01960754394531 21.823986053466797 25.515878677368164
-27.900318145751953 14.902198791503906 26.290998458862305
-36.30044937133789 14.611727714538574 20.232431411743164
-47.52519607543945 14.803046226501465 16.914695739746094
-56.80765914916992 13.291666030883789 9.12060546875
47.96751403808594 10.976248741149902 11.556699752807617
36.81570816040039 12.978757858276367 22.088335037231445
26.25361442565918 13.97624683380127 26.563785552978516
14.820201873779297 13.84904956817627 26.42442512512207
3.763838768005371 14.757411003112793 30.772905349731445
12.947453498840332 21.402706146240234 32.741207122802734
26.978374481201172 22.975383758544922 28.08833885192871
40.4647102355957 20.794782638549805 20.26189422607422
-51.99655532836914 0.7133393883705139 4.843815803527832
-46.45170593261719 4.6585540771484375 12.447251319885254
-43.041873931884766 7.616121768951416 14.57491397857666
-35.072105407714844 5.594942569732666 14.368545532226562
-27.29737663269043 1.9266570806503296 12.131698608398438
-34.703369140625 -0.20900171995162964 11.833223342895508
-39.97466278076172 -1.8712092638015747 11.703873634338379
-44.945369720458984 -1.6476407051086426 10.145352363586426
31.177305221557617 -2.5525903701782227 17.88105010986328
25.202417373657227 -3.9051644802093506 19.23589324951172
19.911550521850586 -3.692117929458618 19.318613052368164
14.469343185424805 -1.8473690748214722 18.15249252319336
6.639519214630127 1.1867343187332153 17.887008666992188
13.943337440490723 2.9620392322540283 20.31385040283203
19.404428482055664 2.241896629333496 22.73592758178711
25.026981353759766 0.6431512236595154 22.244552612304688
-37.37265396118164 2.3786168098449707 13.821532249450684
18.57869529724121 -0.8618757128715515 20.980619430541992
-2.9543120861053467 0.6573778986930847 26.846485137939453
-2.3203861713409424 -21.78542709350586 36.65016555786133
3.9312617778778076 -30.978273391723633 28.741907119750977
0.708365261554718 -37.74777603149414 29.504270553588867
-6.645768165588379 -34.015716552734375 42.08619689941406
-14.622492790222168 -39.6389274597168 36.56623458862305
-24.61246109008789 -33.775489807128906 39.84120178222656
-24.845861434936523 -36.738861083984375 24.59270668029785
-27.897144317626953 -30.5635929107666 24.66543197631836
-25.576547622680664 -21.543832778930664 33.50941848754883
-20.263273239135742 0.5486561059951782 23.051197052001953
-18.843765258789062 -27.66950225830078 52.944671630859375
-35.44988250732422 -62.58381652832031 15.188581466674805
-27.83924102783203 -56.18282699584961 28.091821670532227
-19.695310592651367 -52.6800422668457 34.98484420776367
-13.545563697814941 -54.25662612915039 37.24503707885742
-7.043567657470703 -53.09214782714844 37.2735481262207
2.7956111431121826 -56.29090881347656 34.00333786010742
15.01802921295166 -62.558204650878906 22.632070541381836
1.2159675359725952 -68.15633392333984 32.47134017944336
-12.121983528137207 -68.78538513183594 33.17787170410156
-24.433210372924805 -67.6412124633789 27.528818130493164
-23.0860538482666 -60.52460479736328 29.06954574584961
-12.430356979370117 -60.30558395385742 33.3500862121582
-2.1561789512634277 -60.74540710449219 33.04302978515625
-22.944873809814453 -61.571807861328125 28.990633010864258
-12.150999069213867 -61.83988571166992 32.44931411743164
-2.209023952484131 -61.839324951171875 32.98699951171875
-64.25352478027344 -45.07419967651367 -69.60194396972656
-59.85850524902344 -70.75447082519531 -61.82254409790039
-52.88508605957031 -82.07418823242188 -21.381988525390625
-42.88508987426758 -89.07418823242188 -0.3410390019416809
-30.88509178161621 -98.07418823242188 16.65126609802246
-11.885098457336426 -100.07418823242188 27.692920684814453
13.089933395385742 -100.07418823242188 20.39803123474121
29.842191696166992 -91.20248413085938 2.00803804397583
41.35686111450195 -86.21464538574219 -18.816282272338867
50.64870834350586 -79.23155975341797 -37.002349853515625
66.73747253417969 -43.32973861694336 -54.570892333984375
