-41.8505973815918 20.1273193359375 -24.902023315429688
-37.425254821777344 33.23731231689453 -10.253856658935547
-35.603580474853516 33.23672866821289 -6.842768669128418
-28.45016860961914 32.87500762939453 1.9899029731750488
-20.381669998168945 26.104658126831055 6.403364658355713
-26.781816482543945 24.395845413208008 -0.4650496244430542
-35.135215759277344 24.558391571044922 -6.801143169403076
-39.63125991821289 22.484149932861328 -14.497784614562988
50.72895431518555 28.60692596435547 24.928302764892578
36.55257034301758 27.612117767333984 30.27177619934082
26.402034759521484 28.893590927124023 29.369495391845703
16.779586791992188 27.30434799194336 24.573415756225586
6.400369644165039 27.405672073364258 22.0456600189209
13.766599655151367 34.967262268066406 27.12569808959961
27.307344436645508 37.20054244995117 29.749103546142578
38.13521957397461 35.82217025756836 29.393657684326172
-36.70326614379883 8.376161575317383 -15.174495697021484
-33.203304290771484 11.842586517333984 -7.206785678863525
-28.51567840576172 13.755303382873535 -3.607196569442749
-22.67018699645996 12.919533729553223 -1.9152846336364746
-15.272134780883789 9.148092269897461 0.7989062070846558
-22.33242416381836 7.48301887512207 -3.256057024002075
-27.261764526367188 6.079244613647461 -5.593574047088623
-31.949748992919922 5.508300304412842 -9.080082893371582
34.48674011230469 12.514700889587402 27.74602508544922
28.915924072265625 10.812542915344238 26.368873596191406
24.02452850341797 10.358344078063965 23.976144790649414
19.428665161132812 10.880594253540039 21.350900650024414
11.829672813415527 12.399423599243164 17.324661254882812
18.856660842895508 16.288097381591797 22.8112735748291
22.809988021850586 16.496004104614258 26.373239517211914
27.87495994567871 14.907508850097656 28.101579666137695
-27.591798782348633 10.553256034851074 -4.099713325500488
22.933095932006836 13.43742847442627 25.27994155883789
0.5498530268669128 10.60205078125 20.276124954223633
-1.0301793813705444 -12.5589017868042 33.45638656616211
11.261214256286621 -22.86826515197754 25.623760223388672
6.597324371337891 -29.63623046875 27.050525665283203
-4.406390190124512 -27.645170211791992 36.93837356567383
-10.98570728302002 -34.29607009887695 28.52748680114746
-20.89586639404297 -28.244462966918945 26.8859806060791
-16.099098205566406 -30.60122299194336 13.730729103088379
-18.12479019165039 -25.013866424560547 11.288698196411133
-19.362804412841797 -14.098694801330566 20.24069595336914
-11.879691123962402 9.602828025817871 12.040127754211426
-20.65263557434082 -21.127681732177734 42.42888641357422
-16.151399612426758 -52.62139129638672 -7.623195171356201
-16.469038009643555 -48.55497741699219 10.593520164489746
-11.859197616577148 -45.85192108154297 19.20494842529297
-6.9333953857421875 -47.038818359375 23.303916931152344
-1.8556586503982544 -45.326133728027344 26.754261016845703
7.629180908203125 -46.68798828125 28.757295608520508
26.115814208984375 -48.46017837524414 21.90797996520996
10.888063430786133 -58.28315734863281 25.309350967407227
-2.816648244857788 -60.33000564575195 20.027097702026367
-11.869502067565918 -59.851924896240234 10.289169311523438
-12.4232759475708 -52.12666702270508 13.15609073638916
-4.7248616218566895 -51.97938537597656 21.47825813293457
4.891299247741699 -50.859100341796875 25.727184295654297
-11.71218204498291 -53.356849670410156 12.743523597717285
-3.9216504096984863 -53.02227783203125 20.490224838256836
5.507610321044922 -52.234798431396484 25.093786239624023
-22.406394958496094 -49.85192108154297 -63.677181243896484
-21.74492645263672 -52.85192108154297 -62.977108001708984
-18.64227867126465 -66.8519287109375 -50.97710418701172
-10.829980850219727 -81.74071502685547 -21.977096557617188
-10.663762092590332 -81.8519287109375 -20.977096557617188
3.593611001968384 -84.8519287109375 14.79445743560791
34.59362030029297 -79.522705078125 16.022912979125977
60.14016342163086 -73.30915069580078 2.427922248840332
64.33964538574219 -59.98556900024414 7.260528087615967
85.5936279296875 -49.85192108154297 -16.700727462768555
90.59363555908203 -38.09309387207031 -21.662715911865234
