-40.36705017089844 9.794693946838379 -26.615266799926758
-35.63180923461914 20.648775100708008 -17.255340576171875
-29.6037654876709 22.846914291381836 -8.687657356262207
-21.433502197265625 23.9788875579834 -1.5892086029052734
-13.978208541870117 18.036035537719727 2.55751895904541
-21.266950607299805 15.542434692382812 -3.695812702178955
-29.676685333251953 14.286149024963379 -9.004484176635742
-36.37181091308594 12.315164566040039 -16.064971923828125
57.4227409362793 17.571895599365234 12.648244857788086
45.63237380981445 18.207094192504883 18.851736068725586
35.170589447021484 19.760910034179688 19.06500244140625
25.192855834960938 18.47536849975586 15.732793807983398
14.630537033081055 18.84440803527832 14.321979522705078
23.044464111328125 25.579435348510742 17.951173782348633
35.845645904541016 27.312257766723633 18.50463104248047
47.63076400756836 25.386648178100586 16.67300796508789
-34.503170013427734 -3.3751649856567383 -16.662412643432617
-29.63357162475586 1.0342292785644531 -8.276632308959961
-18.406150817871094 8.970086097717285 -4.230926036834717
-18.935317993164062 3.687682867050171 -4.749781608581543
-11.380524635314941 -1.1539814472198486 -2.8495662212371826
-18.957408905029297 -2.627983331680298 -5.491702079772949
-23.814001083374023 -4.777949333190918 -7.186458587646484
-28.829565048217773 -5.5464768409729 -10.295135498046875
41.096073150634766 1.3177483081817627 18.841154098510742
35.362979888916016 0.050225768238306046 17.939613342285156
30.583454132080078 -0.1937769055366516 16.289100646972656
25.348644256591797 -0.16711978614330292 13.764788627624512
17.5545654296875 1.794506311416626 10.646336555480957
25.46893882751465 5.159401893615723 14.674644470214844
29.533899307250977 5.242364406585693 18.156606674194336
34.56093215942383 3.881551742553711 19.7947940826416
-23.803861618041992 0.022647950798273087 -5.547480583190918
29.392454147338867 2.3963782787323 17.170766830444336
6.870226860046387 1.503572702407837 15.524809837341309
6.206361293792725 -20.792219161987305 31.300838470458984
13.689726829528809 -31.993392944335938 24.909820556640625
9.855668067932129 -38.32037353515625 26.71299934387207
1.5061957836151123 -33.895713806152344 36.80942153930664
-5.506367206573486 -39.99943161010742 31.480724334716797
-12.606730461120605 -36.513671875 27.114511489868164
-11.21990966796875 -39.38233947753906 17.394344329833984
-12.98726749420166 -34.6186637878418 12.805198669433594
-14.870943069458008 -21.866750717163086 23.095348358154297
-6.6157426834106445 0.32147374749183655 9.078739166259766
-13.351598739624023 -25.18410301208496 44.79810333251953
-16.501033782958984 -67.80887603759766 6.793403625488281
-14.100042343139648 -58.964561462402344 20.347671508789062
-9.411786079406738 -53.661006927490234 28.243335723876953
-4.214938163757324 -54.80564498901367 31.246665954589844
1.1548548936843872 -53.06189727783203 33.80144500732422
10.979677200317383 -57.08168411254883 32.94636154174805
24.60745620727539 -62.19770812988281 26.957185745239258
12.226296424865723 -68.30593872070312 30.86089515686035
0.18004798889160156 -69.67023468017578 27.383939743041992
-9.692233085632324 -70.35752868652344 19.500080108642578
-9.24417495727539 -62.12465286254883 21.408050537109375
-1.7192950248718262 -60.52348327636719 27.858150482177734
7.244426250457764 -60.37248229980469 30.256467819213867
-8.84885311126709 -63.31098175048828 21.39922523498535
-0.9194622039794922 -62.511600494384766 26.8504695892334
7.30267333984375 -61.785003662109375 30.117944717407227
-25.90673065185547 -59.808876037597656 -65.49122619628906
-26.174896240234375 -71.80887603759766 -54.49122619628906
-20.86450958251953 -89.80887603759766 -37.49122619628906
-16.63176918029785 -93.80887603759766 -15.491229057312012
-7.902396202087402 -97.47820281982422 9.839438438415527
6.124309539794922 -94.80887603759766 23.52094268798828
27.8819637298584 -90.10000610351562 24.70451545715332
45.740386962890625 -89.80887603759766 14.02266788482666
67.54011535644531 -75.80887603759766 2.5087690353393555
73.7403793334961 -71.80887603759766 -3.4591410160064697
85.7403793334961 -50.80887985229492 -17.87834358215332
