-57.180118560791016 60.29423522949219 -2.817469358444214
-52.556396484375 71.1528549194336 8.098908424377441
-42.78078079223633 74.65178680419922 18.64945411682129
-31.987201690673828 75.08502197265625 27.549560546875
-21.690242767333984 68.813720703125 30.524232864379883
-31.20108985900879 65.96480560302734 23.26439666748047
-42.02428436279297 64.84852600097656 18.606101989746094
-50.775550842285156 62.41597366333008 9.586384773254395
57.358734130859375 66.04556274414062 14.263575553894043
46.84952163696289 66.72857666015625 24.433027267456055
35.977962493896484 68.01016998291016 30.25406837463379
24.964216232299805 67.28105163574219 31.678876876831055
13.580784797668457 68.91551971435547 35.63116455078125
23.159072875976562 75.5592269897461 36.037593841552734
35.902767181396484 75.86458587646484 31.171283721923828
48.74905014038086 75.48676300048828 23.27239418029785
-43.99419403076172 49.164974212646484 11.185526847839355
-38.086151123046875 53.8728141784668 18.406307220458984
-31.97886085510254 55.882713317871094 20.47142791748047
-26.394638061523438 55.372005462646484 19.476547241210938
-18.95504379272461 52.43285369873047 17.69257164001465
-26.47343635559082 49.252010345458984 18.61878204345703
-31.79924774169922 47.269283294677734 18.836181640625
-38.163246154785156 46.61564636230469 15.963128089904785
41.954952239990234 52.67390060424805 23.83903694152832
33.875823974609375 50.899139404296875 27.694738388061523
27.709096908569336 50.28538131713867 27.018922805786133
22.205936431884766 51.88780212402344 25.12712287902832
13.9131498336792 54.29352569580078 23.248462677001953
22.59383773803711 58.774478912353516 26.20165252685547
27.101505279541016 58.58600997924805 28.548173904418945
35.05987548828125 56.64398193359375 28.48256492614746
-31.4378719329834 51.07229995727539 20.031721115112305
26.483430862426758 54.089805603027344 27.645368576049805
6.016645431518555 54.9459228515625 32.64552307128906
7.322347640991211 35.58225631713867 45.636932373046875
14.87103271484375 25.052717208862305 41.0505485534668
12.663288116455078 18.09694480895996 44.049583435058594
4.777588844299316 22.52022361755371 54.365631103515625
-4.094216823577881 17.276830673217773 51.22682189941406
-14.129748344421387 21.014698028564453 50.19147872924805
-16.51463508605957 15.767765998840332 37.27170944213867
-20.751474380493164 21.175235748291016 31.403316497802734
-14.890069961547852 33.370296478271484 41.368492126464844
-11.51386547088623 53.24863815307617 28.775630950927734
-7.012260913848877 29.54124641418457 62.11458969116211
-26.099594116210938 -9.797818183898926 37.60432434082031
-18.103023529052734 -0.08425534516572952 48.220359802246094
-9.828963279724121 4.8952765464782715 54.31272888183594
-3.208462715148926 3.9051384925842285 56.58185577392578
3.2570087909698486 5.599826335906982 57.063472747802734
12.849143028259277 1.2342312335968018 54.364131927490234
23.934619903564453 -6.1754326820373535 46.56614685058594
11.003792762756348 -7.49381685256958 54.61301803588867
-2.233778238296509 -7.5092010498046875 54.98509216308594
-14.6837158203125 -8.619610786437988 50.29977798461914
-12.714783668518066 -2.1440343856811523 50.08879852294922
-2.6502134799957275 -1.3233635425567627 54.23298645019531
7.898094177246094 -1.6604000329971313 54.00421142578125
-12.438373565673828 -3.299851417541504 50.33458709716797
-2.4996163845062256 -2.71930193901062 53.876121520996094
7.883789539337158 -2.5981242656707764 54.11530685424805
-59.72073745727539 -23.56690788269043 -49.68828582763672
-49.340972900390625 -47.917930603027344 -24.830930709838867
-39.90914535522461 -53.237892150878906 1.9822747707366943
-29.94428253173828 -49.27988815307617 24.977333068847656
-15.953083038330078 -51.63075256347656 45.165523529052734
0.41083258390426636 -48.91460037231445 52.98896408081055
19.02494239807129 -48.55381393432617 50.434173583984375
38.43181610107422 -45.14682388305664 35.0995979309082
57.2139778137207 -42.243953704833984 20.351898193359375
73.6826400756836 -32.67967987060547 2.926245927810669
82.9930419921875 -20.660400390625 -18.488189697265625
