-52.842708587646484 80.85386657714844 -9.19202995300293
-49.45219039916992 91.50957489013672 1.5887374877929688
-40.9517936706543 94.92523193359375 11.590229988098145
-31.330638885498047 96.46760559082031 21.464609146118164
-21.334924697875977 89.76655578613281 25.263023376464844
-29.841567993164062 87.95135498046875 17.42659568786621
-39.935401916503906 86.5986328125 11.461121559143066
-47.871490478515625 83.46659088134766 2.3434927463531494
58.16410827636719 85.41580963134766 19.81157112121582
47.84075164794922 87.67759704589844 27.87989616394043
36.854148864746094 89.36370849609375 31.828161239624023
25.59715461730957 88.85334777832031 31.605154037475586
13.114251136779785 90.72566223144531 34.72547149658203
22.989341735839844 97.0135269165039 36.12256622314453
36.923648834228516 97.52681732177734 32.27770233154297
50.10216522216797 95.44927978515625 26.680957794189453
-43.31741714477539 70.1689453125 2.369737386703491
-37.667293548583984 75.43183898925781 11.45439624786377
-29.934206008911133 78.24263000488281 14.90579891204834
-23.88903045654297 77.16340637207031 14.535632133483887
-16.855886459350586 73.31266021728516 14.877957344055176
-23.479291915893555 70.79039764404297 14.83009147644043
-28.83988380432129 68.89947509765625 15.02958869934082
-37.6917724609375 68.07537078857422 10.567131042480469
42.300323486328125 72.55357360839844 27.86233139038086
33.011573791503906 71.21943664550781 30.901580810546875
27.81031036376953 71.29235076904297 29.530845642089844
22.90247917175293 72.63496398925781 27.105295181274414
15.032235145568848 74.87081146240234 23.629615783691406
22.73172378540039 77.95152282714844 27.009653091430664
27.291515350341797 79.17730712890625 29.906932830810547
33.829833984375 77.55536651611328 31.41702651977539
-29.169633865356445 73.25714874267578 15.531539916992188
25.464799880981445 76.34550476074219 28.91716766357422
5.7057204246521 76.20899963378906 31.36667251586914
5.31835412979126 58.40442657470703 46.7408332824707
15.296283721923828 47.663307189941406 41.366668701171875
11.110883712768555 41.352596282958984 46.1609992980957
2.51737380027771 43.56279754638672 51.43643569946289
-7.186904430389404 39.164424896240234 50.565452575683594
-16.716705322265625 42.32313537597656 46.16338348388672
-18.860218048095703 39.021636962890625 35.73891067504883
-21.713973999023438 44.27044677734375 29.494075775146484
-17.64417839050293 56.472015380859375 39.07454299926758
-11.398733139038086 74.94462585449219 26.094877243041992
-12.077970504760742 51.533653259277344 60.9473991394043
-29.596576690673828 14.914017677307129 28.951377868652344
-20.713472366333008 23.272968292236328 43.64677429199219
-12.704861640930176 27.12169647216797 50.42802429199219
-6.2062859535217285 25.851551055908203 53.02632141113281
0.12273256480693817 27.40928840637207 54.46743392944336
10.075525283813477 24.535400390625 53.49047088623047
24.816125869750977 18.009788513183594 45.4676628112793
7.21106481552124 16.19193458557129 54.9669189453125
-5.659331798553467 15.566180229187012 53.8309440612793
-17.8190860748291 15.402271270751953 46.89008331298828
-15.883872985839844 20.92045783996582 47.03281021118164
-5.719018936157227 21.68482780456543 52.61393356323242
5.16265869140625 21.80841636657715 53.64822006225586
-15.691734313964844 20.046497344970703 47.42987823486328
-5.692773818969727 20.480134963989258 52.723899841308594
5.037051677703857 20.80841636657715 53.84732437133789
-52.20599365234375 1.808421015739441 -57.63330078125
-45.426185607910156 -28.152786254882812 -27.77345085144043
-40.37076950073242 -31.97995376586914 0.23412610590457916
-31.49799156188965 -29.86905860900879 20.157228469848633
-18.21402359008789 -30.35845375061035 45.98080825805664
-3.267927885055542 -27.17320442199707 56.326656341552734
16.316608428955078 -27.021732330322266 55.27180480957031
38.055545806884766 -23.584529876708984 42.9664306640625
61.996524810791016 -22.768795013427734 25.502384185791016
77.67069244384766 -16.376911163330078 5.815699100494385
90.15342712402344 1.808421015739441 -15.633313179016113
