-42.09564208984375 11.219217300415039 -12.40736198425293
-33.591590881347656 23.072721481323242 -2.7168877124786377
-25.022706985473633 23.458463668823242 6.550234317779541
-16.158140182495117 23.431570053100586 13.799925804138184
-7.586352348327637 15.9566650390625 17.21878433227539
-13.600727081298828 14.494610786437988 10.197444915771484
-25.160268783569336 15.484172821044922 6.107154369354248
-35.55445098876953 13.452556610107422 -0.9637467265129089
67.1024169921875 13.135965347290039 -0.3803034722805023
57.64668273925781 14.068008422851562 11.022738456726074
45.98259353637695 15.93576717376709 15.766913414001465
34.98394012451172 15.192620277404785 15.86014175415039
23.93680191040039 15.767404556274414 20.929672241210938
34.29212951660156 24.266067504882812 19.891502380371094
45.165889739990234 23.758975982666016 15.86317253112793
57.75584030151367 22.577672958374023 7.6029462814331055
-31.986223220825195 0.18964555859565735 -3.240112066268921
-26.934621810913086 4.9753828048706055 2.4679043292999268
-22.025136947631836 7.097355842590332 5.251253128051758
-15.116109848022461 5.324692726135254 6.536383152008057
-6.0071120262146 0.02305019460618496 4.5333571434021
-15.176389694213867 -2.508965015411377 6.192439556121826
-21.118927001953125 -4.161705493927002 5.356634616851807
-27.835098266601562 -2.471717596054077 2.5698039531707764
52.27067947387695 -2.7621078491210938 11.147077560424805
44.912437438964844 -4.88192892074585 12.697633743286133
41.32083511352539 -4.513242721557617 12.822820663452148
33.20704650878906 -1.9896295070648193 11.587972640991211
26.308921813964844 1.0747331380844116 9.270401954650879
32.41000747680664 3.246652603149414 12.186349868774414
43.33167266845703 7.9145612716674805 14.318835258483887
46.16292953491211 -0.47500520944595337 14.910033226013184
-22.61495018005371 3.1174747943878174 5.76540470123291
37.589176177978516 -0.6211521029472351 14.190574645996094
16.903343200683594 0.9010999798774719 20.779237747192383
20.286540985107422 -23.955398559570312 32.97039794921875
26.560718536376953 -38.63020706176758 24.912948608398438
22.72275161743164 -44.748985290527344 30.075340270996094
17.952350616455078 -39.86180877685547 37.988258361816406
7.272220611572266 -45.10820007324219 38.709659576416016
-1.9856741428375244 -39.22842788696289 35.43341827392578
-3.8424630165100098 -43.686580657958984 24.2195987701416
-6.30078649520874 -37.24422073364258 20.05693244934082
-2.8887734413146973 -23.411128997802734 30.809886932373047
0.5125343203544617 0.6190910339355469 17.113988876342773
5.480116367340088 -26.785358428955078 51.8665771484375
-15.359603881835938 -70.96997833251953 14.404444694519043
-7.781705856323242 -65.2379150390625 27.449480056762695
0.7247992157936096 -61.46163558959961 34.873287200927734
6.393351078033447 -63.29158401489258 36.27836990356445
12.507861137390137 -62.123016357421875 37.642120361328125
22.579317092895508 -66.02872467041016 33.64854431152344
33.435874938964844 -72.05125427246094 22.804706573486328
20.208141326904297 -75.19648742675781 35.13563919067383
6.664402484893799 -75.25806427001953 37.6737174987793
-6.424448490142822 -74.55748748779297 31.223615646362305
-2.9690654277801514 -67.31599426269531 29.169883728027344
6.767542362213135 -67.76087188720703 33.557559967041016
17.49300193786621 -67.99304962158203 33.3553466796875
-2.846440076828003 -68.0422134399414 29.41905403137207
6.868371963500977 -68.99304962158203 33.41819763183594
17.358779907226562 -68.7137680053711 33.558937072753906
-41.95606994628906 -62.99304962158203 -55.308326721191406
-37.30152893066406 -82.99304962158203 -36.30832290649414
-34.713130950927734 -90.99304962158203 -29.30832290649414
-22.37173080444336 -99.99305725097656 8.3291654586792
-8.546398162841797 -108.38648223876953 23.059003829956055
5.366157054901123 -108.99305725097656 29.69168472290039
27.085712432861328 -107.70398712158203 27.80779457092285
46.48347091674805 -104.99305725097656 13.691682815551758
65.62828063964844 -80.99304962158203 -1.1101679801940918
70.62828063964844 -73.99304962158203 -9.02264404296875
79.62828063964844 -50.91031265258789 -19.308320999145508
