-50.27369689941406 10.255045890808105 -1.291985273361206
-42.35171890258789 21.816884994506836 6.323366165161133
-31.614648818969727 24.098407745361328 14.474045753479004
-20.09212875366211 23.84360694885254 20.629411697387695
-9.552482604980469 17.18189239501953 21.048250198364258
-19.544166564941406 15.49452018737793 15.428570747375488
-31.320966720581055 14.625215530395508 13.617518424987793
-42.19744873046875 12.41187572479248 8.826803207397461
58.79039764404297 20.063383102416992 -11.224730491638184
52.28756332397461 19.537328720092773 1.042647123336792
41.84510803222656 21.01874351501465 8.772745132446289
30.035966873168945 19.10794448852539 11.834370613098145
21.564027786254883 18.76104164123535 18.947763442993164
29.319101333618164 27.802160263061523 16.522483825683594
40.64280700683594 30.311607360839844 8.749610900878906
50.86613845825195 29.482770919799805 -1.7239670753479004
-37.06708908081055 -1.601959228515625 6.472370147705078
-29.76551628112793 2.557410955429077 11.749258995056152
-25.235769271850586 6.097764015197754 12.752532005310059
-19.1328125 5.2420125007629395 12.181341171264648
-11.676587104797363 1.523791790008545 8.581562042236328
-18.73268699645996 -1.5505671501159668 11.603724479675293
-24.466585159301758 -3.116358518600464 12.031867980957031
-30.681547164916992 -3.435023069381714 10.626555442810059
49.13372802734375 8.344922065734863 0.3831457495689392
41.042762756347656 2.5657427310943604 7.0356125831604
37.424476623535156 1.7159384489059448 6.702724456787109
30.004030227661133 2.5954859256744385 7.166377544403076
20.909351348876953 4.617788791656494 6.843959808349609
27.91240119934082 9.007987976074219 7.849396228790283
36.35783386230469 7.505346298217773 9.162961959838867
43.755374908447266 11.336677551269531 5.485752105712891
-25.10386085510254 2.472414255142212 13.11312484741211
35.0792236328125 6.317739486694336 9.161576271057129
15.842382431030273 3.7968907356262207 19.833236694335938
22.811447143554688 -19.403486251831055 28.672584533691406
29.705904006958008 -31.70407485961914 18.99249839782715
27.553232192993164 -38.86969757080078 22.922800064086914
23.518409729003906 -35.48487854003906 34.55879211425781
12.81438159942627 -42.708492279052734 34.46532440185547
2.380767583847046 -37.40546417236328 35.16987609863281
-3.455427885055542 -40.72983932495117 24.066574096679688
-7.121657371520996 -34.61482620239258 21.146265029907227
-1.6578004360198975 -21.637962341308594 29.78034019470215
-1.725105881690979 2.1400773525238037 18.936193466186523
12.951038360595703 -25.330663681030273 49.6551628112793
-14.175474166870117 -67.17377471923828 12.922581672668457
-3.765385627746582 -60.802581787109375 25.135032653808594
6.839554309844971 -57.351688385009766 30.690523147583008
13.798874855041504 -58.202850341796875 30.90406036376953
20.319265365600586 -56.2581672668457 30.579763412475586
29.854862213134766 -57.82001495361328 24.199878692626953
38.082366943359375 -61.84805679321289 10.213013648986816
27.893474578857422 -67.62950134277344 26.484737396240234
14.695858001708984 -69.4554443359375 31.908979415893555
-0.872769296169281 -70.26232147216797 28.011507034301758
1.738093376159668 -63.04620361328125 26.869792938232422
13.78014087677002 -62.70984649658203 29.711103439331055
24.845056533813477 -61.054832458496094 26.306074142456055
2.0617175102233887 -64.04620361328125 27.22347068786621
13.616727828979492 -63.73600387573242 29.60407066345215
24.45272445678711 -62.05488967895508 26.425949096679688
-62.2232551574707 -36.786285400390625 -46.78400421142578
-49.054954528808594 -75.51636505126953 -47.999168395996094
-39.06507110595703 -89.71940612792969 -21.878097534179688
-25.64238929748535 -100.9739761352539 -2.378103494644165
-9.152765274047852 -107.69474029541016 14.43272590637207
8.95359992980957 -109.61215209960938 21.252531051635742
32.41472244262695 -100.04619598388672 21.245248794555664
49.35759735107422 -90.04619598388672 4.117321968078613
66.08367156982422 -74.04619598388672 -14.990569114685059
66.15398406982422 -66.04620361328125 -15.990569114685059
71.88264465332031 -33.046207427978516 -31.99056625366211
