-65.64759826660156 73.11910247802734 15.13711929321289
-56.80323028564453 82.84662628173828 27.51399040222168
-49.39500427246094 88.13800811767578 31.50802993774414
-37.813175201416016 89.66566467285156 35.56105041503906
-27.4613037109375 82.98590087890625 34.57113265991211
-37.79301834106445 81.17385864257812 35.55956268310547
-49.553497314453125 79.4907455444336 33.544742584228516
-56.72768020629883 74.45323944091797 28.609590530395508
49.31173324584961 79.96061706542969 12.543601036071777
41.836055755615234 82.37562561035156 25.209716796875
32.42445755004883 85.97918701171875 31.466609954833984
19.476682662963867 84.84525299072266 32.66452407836914
8.38694953918457 84.8279037475586 33.852176666259766
18.92628288269043 93.54303741455078 34.40831756591797
32.10871887207031 93.89984130859375 29.414628982543945
43.102603912353516 90.43350219726562 22.39473533630371
-49.3428840637207 61.485816955566406 29.189125061035156
-39.290069580078125 64.56465148925781 34.652652740478516
-38.40380859375 65.88858795166016 35.64486312866211
-31.320430755615234 65.9404067993164 33.06016540527344
-25.543066024780273 64.96331787109375 29.630142211914062
-32.666561126708984 62.59392547607422 31.666973114013672
-38.499935150146484 60.88996887207031 32.21998977661133
-43.250240325927734 60.40150833129883 31.5387020111084
38.15317153930664 67.610595703125 24.56264877319336
30.625703811645508 65.0021743774414 28.52312469482422
25.67828369140625 65.12000274658203 29.374956130981445
19.429718017578125 66.11101531982422 29.223180770874023
11.768928527832031 67.610595703125 28.27342414855957
18.584938049316406 70.05924224853516 30.65464973449707
23.90658950805664 71.04557800292969 32.514400482177734
30.55322265625 68.0822525024414 30.38350486755371
-38.23667907714844 62.8836669921875 32.8890380859375
24.523822784423828 67.610595703125 30.31399154663086
2.5824661254882812 69.751220703125 32.19026565551758
6.885988235473633 48.46349334716797 42.15184783935547
18.13528823852539 39.37839889526367 34.363800048828125
16.687191009521484 29.929889678955078 40.08555221557617
8.80444622039795 32.17426681518555 45.09880828857422
-1.7567110061645508 27.904205322265625 47.99663543701172
-13.88590145111084 30.610591888427734 46.91583251953125
-21.404117584228516 26.702362060546875 42.408634185791016
-25.115772247314453 33.94573974609375 38.00511169433594
-16.338407516479492 46.077613830566406 41.56438064575195
-15.846463203430176 67.99546813964844 31.224035263061523
-3.6309680938720703 41.17767333984375 58.98690414428711
-28.216794967651367 2.610589027404785 33.359737396240234
-17.20171356201172 9.094761848449707 46.13469696044922
-7.2185468673706055 12.506203651428223 50.2334098815918
-0.17559756338596344 11.418066024780273 50.26578903198242
6.623264312744141 13.897168159484863 49.41569137573242
14.72034740447998 12.214215278625488 45.04175567626953
23.81397247314453 7.610589981079102 31.59563446044922
12.641947746276855 2.9697721004486084 45.47751235961914
1.0747853517532349 0.8075241446495056 49.408363342285156
-12.53403091430664 0.15552137792110443 46.43674850463867
-11.161371231079102 6.506355285644531 46.600250244140625
-0.060803696513175964 7.463570594787598 48.46147155761719
11.5360107421875 8.610589981079102 44.80571365356445
-10.704026222229004 5.353809833526611 46.740806579589844
0.10972219705581665 6.366591930389404 48.44964599609375
11.538045883178711 7.610589981079102 44.8916130065918
-70.96309661865234 -0.5849909782409668 -19.1336669921875
-63.36669158935547 -15.389412879943848 -11.133666038513184
-49.96309280395508 -26.828161239624023 2.8663361072540283
-34.53639221191406 -33.3894157409668 19.727245330810547
-13.963089942932129 -39.9394416809082 34.86634063720703
8.03691291809082 -38.3894157409668 36.978858947753906
23.036914825439453 -37.3894157409668 26.610265731811523
38.807071685791016 -22.576669692993164 13.316876411437988
57.03691864013672 -12.860932350158691 -16.1336669921875
64.5531234741211 13.610589981079102 -26.1336669921875
65.6946029663086 28.610591888427734 -31.133668899536133
