-45.87279510498047 68.67438507080078 11.190361976623535
-36.912841796875 82.35515594482422 18.803125381469727
-25.028371810913086 85.74689483642578 23.470430374145508
-14.08259105682373 85.29750061035156 26.14638328552246
-5.376822471618652 77.33790588378906 25.484357833862305
-15.618989944458008 74.7158432006836 28.862918853759766
-26.003355026245117 75.0481948852539 28.103620529174805
-36.73468017578125 71.00216674804688 22.864582061767578
66.90233612060547 61.021175384521484 -0.4209102392196655
61.15424728393555 64.56742858886719 11.513935089111328
51.69020080566406 68.5596694946289 19.326772689819336
39.50580978393555 70.03045654296875 19.666458129882812
28.638534545898438 73.65144348144531 21.226083755493164
38.059295654296875 79.61023712158203 20.753108978271484
52.4498176574707 77.95407104492188 15.128291130065918
65.55660247802734 72.88085174560547 5.130094051361084
-33.383941650390625 58.77385711669922 23.12578773498535
-23.93054962158203 60.87506103515625 28.96807289123535
-17.287643432617188 62.13334274291992 29.831933975219727
-12.000849723815918 61.19996643066406 27.404499053955078
-5.723952293395996 58.77006530761719 23.017345428466797
-13.279608726501465 57.180240631103516 25.915802001953125
-18.5184326171875 56.28781509399414 27.068073272705078
-24.735910415649414 56.82249450683594 26.651321411132812
55.41053771972656 51.03160858154297 12.19932746887207
49.609378814697266 50.96864700317383 16.72709083557129
43.11415481567383 51.093597412109375 18.597938537597656
37.51603317260742 52.948787689208984 18.6234073638916
30.180896759033203 55.65471267700195 18.32333755493164
36.846221923828125 57.420711517333984 19.724708557128906
43.2255744934082 57.427669525146484 21.008264541625977
48.000343322753906 54.288578033447266 19.426279067993164
-18.122135162353516 58.99911880493164 27.687000274658203
42.84990310668945 53.99911880493164 19.099498748779297
22.198360443115234 58.0908203125 23.928882598876953
25.326160430908203 34.867919921875 37.529781341552734
32.08699417114258 19.622316360473633 31.751375198364258
28.56018829345703 12.23194408416748 39.164268493652344
21.35369300842285 19.722238540649414 42.70563507080078
13.570051193237305 15.811466217041016 46.15822219848633
3.586205005645752 23.04297637939453 47.906063079833984
-3.0884926319122314 14.85080623626709 43.970237731933594
-6.863746643066406 22.240942001342773 40.047576904296875
2.803952693939209 36.8865852355957 40.33467483520508
4.079670429229736 58.895931243896484 24.759050369262695
14.309616088867188 33.730918884277344 54.307674407958984
-5.707311153411865 -8.5183687210083 45.92641067504883
1.6846100091934204 -1.3102715015411377 52.588966369628906
7.849032402038574 2.6698825359344482 54.063079833984375
17.003326416015625 1.3135309219360352 54.03457260131836
21.49640464782715 2.4131126403808594 51.05183410644531
21.755821228027344 -2.957000970840454 51.88628005981445
36.23237991333008 -19.02353286743164 24.562435150146484
18.357149124145508 -8.000887870788574 53.04370880126953
12.514636993408203 -6.692666530609131 55.36283874511719
3.3571479320526123 -8.873873710632324 51.323341369628906
-2.4729855060577393 -12.000887870788574 46.18403625488281
3.3571479320526123 -8.873873710632324 51.323341369628906
18.157716751098633 -5.877640724182129 53.75415802001953
-2.8492889404296875 -14.00088882446289 44.323341369628906
12.810250282287598 -5.776231288909912 55.599369049072266
17.921356201171875 -6.616974353790283 53.73227310180664
-63.60294723510742 -19.2032527923584 -32.37554168701172
-58.82223892211914 -25.671119689941406 -27.102340698242188
-40.5954475402832 -42.87834167480469 -6.14093542098999
-27.80301284790039 -56.74339294433594 7.001068592071533
-8.649754524230957 -72.74822998046875 16.76888084411621
1.9857466220855713 -73.67645263671875 19.32333755493164
26.35715103149414 -73.20670318603516 7.323337078094482
33.123390197753906 -60.76993942260742 6.1186652183532715
55.9944953918457 -42.328311920166016 -40.9183464050293
52.415321350097656 -44.30482864379883 -29.81479835510254
79.08234405517578 3.9991140365600586 -39.67667007446289
