-58.1387825012207 64.45215606689453 2.2972257137298584
-52.14573287963867 75.24713897705078 10.874957084655762
-37.79997634887695 78.67459869384766 19.753437042236328
-29.48430633544922 79.00357818603516 22.66302490234375
-19.6833438873291 71.41474914550781 22.193159103393555
-30.094860076904297 70.27989959716797 22.907033920288086
-39.32722854614258 69.382080078125 21.746288299560547
-49.69235610961914 65.77206420898438 15.082810401916504
55.292484283447266 63.59449768066406 4.357066631317139
49.344947814941406 66.1209945678711 13.495184898376465
39.48006820678711 70.03907012939453 19.703950881958008
28.105756759643555 69.9155044555664 20.622255325317383
16.092912673950195 70.71147155761719 21.65523338317871
26.874513626098633 77.70171356201172 22.35814666748047
39.543209075927734 78.79798126220703 17.586044311523438
45.107486724853516 75.54408264160156 15.097078323364258
-43.24018478393555 50.915504455566406 16.079357147216797
-36.31801223754883 53.21208572387695 21.229915618896484
-29.315366744995117 55.066062927246094 22.815431594848633
-24.069286346435547 54.74665069580078 20.552358627319336
-18.335710525512695 52.915504455566406 17.569011688232422
-25.208642959594727 51.030906677246094 19.1003360748291
-30.569950103759766 49.5558967590332 19.716995239257812
-34.4454345703125 49.071678161621094 19.411502838134766
43.94088363647461 50.897132873535156 13.574246406555176
38.93364334106445 50.23320388793945 16.563949584960938
30.575042724609375 48.76502990722656 17.584152221679688
26.277585983276367 51.03255844116211 17.528982162475586
18.504180908203125 52.899288177490234 16.458982467651367
25.782791137695312 55.26155090332031 19.148700714111328
30.659198760986328 55.51416015625 20.53435516357422
37.1257209777832 52.207096099853516 18.467695236206055
-30.05904197692871 52.246620178222656 20.72711944580078
30.81389808654785 52.169071197509766 18.527557373046875
9.355775833129883 55.21795654296875 20.759634017944336
11.729836463928223 33.076663970947266 32.32518005371094
21.210163116455078 23.052242279052734 24.98691749572754
18.66779327392578 12.91550064086914 30.715988159179688
10.990044593811035 16.91550064086914 36.165496826171875
1.042563557624817 12.657973289489746 37.8335075378418
-9.613227844238281 17.971803665161133 38.485801696777344
-17.284996032714844 12.91550064086914 31.864089965820312
-20.238162994384766 20.64461898803711 27.342405319213867
-10.559917449951172 32.08671951293945 30.90703582763672
-8.207555770874023 54.656497955322266 19.824426651000977
0.6034104824066162 28.266630172729492 47.93317413330078
-24.867475509643555 -13.40512752532959 24.65361785888672
-14.590925216674805 -6.726495265960693 37.72521209716797
-5.509610652923584 -2.711329936981201 42.354129791259766
1.0926647186279297 -4.604310989379883 42.939884185791016
7.331630229949951 -2.631221055984497 42.340999603271484
14.283424377441406 -5.971405506134033 38.95372772216797
23.921382904052734 -12.084502220153809 26.64399528503418
13.504862785339355 -16.3975772857666 36.67531204223633
1.3279578685760498 -16.89461326599121 39.96090316772461
-11.08265209197998 -16.504127502441406 35.9947395324707
-9.692018508911133 -9.944527626037598 36.764259338378906
1.0493311882019043 -9.602097511291504 39.6029167175293
11.619234085083008 -10.013007164001465 37.11170196533203
-9.33449935913086 -11.257488250732422 36.66130447387695
1.0113365650177002 -10.951852798461914 39.01884460449219
11.406235694885254 -10.806992530822754 37.14566421508789
-69.94647979736328 -1.084501028060913 -31.682510375976562
-55.94647979736328 -30.603940963745117 -16.09296989440918
-47.13995361328125 -37.8352165222168 -6.092968940734863
-35.36259841918945 -45.052059173583984 4.796660423278809
-14.946474075317383 -52.66657638549805 22.907033920288086
4.507972240447998 -53.05696487426758 23.810644149780273
22.227445602416992 -51.67079162597656 19.88319206237793
39.10871887207031 -43.006465911865234 0.9601773619651794
57.05353546142578 -32.801780700683594 -25.092971801757812
64.45381927490234 -18.084503173828125 -36.09297180175781
69.60692596435547 3.9154999256134033 -46.09297180175781
