-54.40852355957031 45.771854400634766 6.903719902038574
-47.0097770690918 54.78520965576172 11.134064674377441
-35.56670379638672 58.08897399902344 15.396415710449219
-25.20140266418457 59.078590393066406 18.11488914489746
-15.800013542175293 53.53153991699219 18.99139404296875
-26.37845802307129 51.163002014160156 15.387189865112305
-35.516937255859375 50.50845718383789 15.761112213134766
-44.61857986450195 47.900814056396484 12.828020095825195
50.96704864501953 51.60275650024414 -13.587220191955566
44.019500732421875 53.44367218017578 -4.306534290313721
36.15481185913086 55.58161163330078 2.234339475631714
25.748096466064453 55.02011489868164 5.043099403381348
16.409582138061523 56.64270782470703 12.878768920898438
25.156349182128906 63.40906524658203 9.751472473144531
35.924957275390625 60.430416107177734 4.4799299240112305
42.475074768066406 62.54597854614258 -3.33618426322937
-41.80802917480469 33.53984832763672 9.111091613769531
-35.58647155761719 37.738346099853516 12.3013277053833
-30.347681045532227 41.29429626464844 11.74572467803955
-24.649227142333984 41.3042106628418 9.746665000915527
-17.37067222595215 38.49981689453125 9.531973838806152
-23.73679542541504 34.319976806640625 10.591151237487793
-28.809375762939453 33.124454498291016 11.528911590576172
-36.6254997253418 31.387197494506836 10.66779613494873
40.24799346923828 39.447505950927734 -4.3039069175720215
36.08158874511719 38.169403076171875 -1.1001356840133667
30.81553840637207 38.42933654785156 1.193017840385437
25.23893165588379 39.34989929199219 2.5565390586853027
17.434017181396484 41.77299118041992 3.741503953933716
23.011058807373047 46.279109954833984 1.4269095659255981
27.709333419799805 47.28780746459961 1.8279104232788086
36.01858901977539 45.2679328918457 -0.40582525730133057
-29.926794052124023 37.67363739013672 12.680025100708008
30.014789581298828 43.31713104248047 2.752551317214966
11.974100112915039 43.49162292480469 16.387657165527344
20.197032928466797 24.734569549560547 32.87609100341797
25.064910888671875 14.404960632324219 23.852476119995117
24.30660057067871 6.279123783111572 29.385478973388672
21.48407554626465 13.003752708435059 41.097633361816406
11.855134963989258 5.167762756347656 44.258201599121094
1.7411218881607056 10.252671241760254 41.6667594909668
-4.978416919708252 3.5881898403167725 35.02275848388672
-9.935759544372559 9.332627296447754 30.356569290161133
-2.6808769702911377 22.195743560791016 37.08383560180664
-7.359420299530029 40.88740921020508 18.52992057800293
13.738012313842773 21.807992935180664 54.91529846191406
-13.117156028747559 -22.963895797729492 34.852149963378906
-2.322894811630249 -12.962158203125 42.74608612060547
7.006190776824951 -8.1211519241333 45.19192123413086
13.161727905273438 -8.974234580993652 44.88457489013672
18.680294036865234 -7.00853157043457 43.05793380737305
25.868377685546875 -10.157631874084473 38.073726654052734
32.823909759521484 -18.139314651489258 26.45665168762207
25.715688705444336 -21.097118377685547 40.45404815673828
14.559890747070312 -22.351587295532227 46.63755416870117
1.0347826480865479 -23.624135971069336 45.411773681640625
2.8346505165100098 -15.67078685760498 43.46193313598633
13.190610885620117 -14.146081924438477 44.25813293457031
22.760263442993164 -13.822538375854492 39.67226028442383
3.125990390777588 -16.79322624206543 44.00972366333008
13.443010330200195 -16.00165557861328 44.43048095703125
22.84111785888672 -15.059783935546875 40.02280044555664
-62.6442756652832 -41.66669845581055 -36.1507682800293
-48.92824172973633 -64.31259155273438 -18.356422424316406
-35.726505279541016 -66.42164611816406 2.7422919273376465
-19.5682315826416 -66.51425170898438 20.30289649963379
-0.4470960795879364 -66.8941879272461 33.47999572753906
16.862449645996094 -65.05146026611328 35.35775375366211
32.545536041259766 -63.51707458496094 25.97880744934082
45.0554313659668 -57.93796920776367 7.060800552368164
51.85905456542969 -59.65800476074219 -16.95880126953125
58.06114196777344 -41.720863342285156 -47.1507682800293
58.39045715332031 -29.72086524963379 -52.15076446533203
