-55.972808837890625 34.307395935058594 -6.010304927825928
-48.383575439453125 43.72097396850586 1.8865312337875366
-38.59250259399414 47.388126373291016 8.846977233886719
-26.664295196533203 48.58332443237305 15.170549392700195
-17.397541046142578 42.41664505004883 16.52455711364746
-26.981218338012695 40.27772521972656 12.396821022033691
-38.4639778137207 39.71921157836914 9.360159873962402
-48.283206939697266 36.81525802612305 2.8536198139190674
60.36832809448242 41.85389709472656 -7.640150547027588
50.8546028137207 44.36697006225586 2.754808187484741
40.69033432006836 45.96293258666992 8.526474952697754
30.792991638183594 45.32635498046875 11.132102966308594
19.89493751525879 45.089656829833984 16.720760345458984
29.385942459106445 53.149776458740234 15.488484382629395
40.94639205932617 54.16599655151367 8.921784400939941
52.62060546875 51.75587844848633 -0.1562749296426773
-43.678585052490234 21.6467342376709 2.5711538791656494
-35.73988342285156 26.485803604125977 8.121996879577637
-28.902076721191406 28.81427764892578 8.772870063781738
-23.870849609375 27.7666072845459 7.378717422485352
-15.052299499511719 23.477561950683594 5.28633975982666
-23.430923461914062 22.03750991821289 6.911640167236328
-29.255573272705078 20.730712890625 7.850754737854004
-35.39998245239258 20.426572799682617 7.095241069793701
46.392005920410156 26.132286071777344 5.2334160804748535
40.491878509521484 24.95944595336914 7.602675914764404
34.5562744140625 24.49297332763672 7.825375556945801
28.736093521118164 25.217435836791992 6.905517101287842
19.64695930480957 26.305185317993164 6.267547130584717
28.333057403564453 30.21401023864746 7.078525066375732
33.28318405151367 31.2459774017334 8.966470718383789
40.06966018676758 29.707212448120117 9.422493934631348
-28.26675796508789 23.826745986938477 8.818467140197754
33.21415710449219 27.40731430053711 8.087608337402344
11.954014778137207 28.623260498046875 17.270217895507812
17.220687866210938 9.439708709716797 34.798133850097656
24.08397674560547 -1.811501383781433 25.648170471191406
21.727651596069336 -10.496712684631348 28.882915496826172
15.718402862548828 -6.916956424713135 37.52600860595703
5.053915977478027 -14.106868743896484 39.47370147705078
-5.4561872482299805 -8.69764232635498 36.86490249633789
-10.607820510864258 -12.062286376953125 27.43977928161621
-13.49803352355957 -5.376992702484131 23.932701110839844
-7.862326145172119 5.846139907836914 32.609031677246094
-4.398074150085449 25.95636749267578 15.884651184082031
4.28728723526001 2.4852428436279297 53.93198776245117
-20.61832046508789 -37.6107177734375 20.796770095825195
-10.99632740020752 -30.061311721801758 29.885038375854492
-1.486547827720642 -26.684850692749023 34.305908203125
4.995913982391357 -27.557621002197266 34.9576301574707
11.322786331176758 -25.462533950805664 34.28287124633789
19.06966209411621 -27.781755447387695 31.276233673095703
29.63694953918457 -33.332763671875 22.384096145629883
17.865419387817383 -37.453922271728516 34.25777816772461
5.353387832641602 -38.97096252441406 37.55635070800781
-8.218610763549805 -39.199851989746094 33.435359954833984
-6.015840530395508 -32.823692321777344 31.856904983520508
4.795528888702393 -32.19554138183594 34.33058166503906
15.696818351745605 -31.465259552001953 32.336544036865234
-5.550502777099609 -34.02757263183594 32.54254913330078
4.8371500968933105 -33.534210205078125 35.02495574951172
15.704797744750977 -32.64897537231445 32.77730178833008
-59.6432991027832 -53.551780700683594 -57.02183151245117
-54.234642028808594 -73.92261505126953 -44.042240142822266
-39.97441101074219 -84.11589050292969 -10.988046646118164
-27.914213180541992 -89.88162994384766 5.59686803817749
-9.987810134887695 -91.08042907714844 25.731706619262695
7.288278102874756 -88.79991912841797 32.49489212036133
24.798341751098633 -88.02079772949219 26.919588088989258
45.58673095703125 -78.73912048339844 12.858480453491211
58.39342498779297 -74.97411346435547 -11.514259338378906
66.69766235351562 -66.99539184570312 -32.79163360595703
70.32109832763672 -47.244834899902344 -56.59352111816406
