-54.41786193847656 50.63335418701172 8.55278205871582
-47.31723403930664 60.85697555541992 16.681896209716797
-35.07813262939453 63.52324295043945 23.91455841064453
-24.274110794067383 64.72161102294922 28.350526809692383
-15.813055992126465 57.370819091796875 29.545814514160156
-25.010334014892578 55.48321533203125 24.426950454711914
-38.3880729675293 55.364166259765625 21.88829803466797
-45.20231246948242 53.1221923828125 17.853181838989258
55.65114974975586 55.48823928833008 1.7576898336410522
47.524898529052734 55.77637481689453 10.793607711791992
38.41034698486328 57.7750358581543 17.77568817138672
27.282672882080078 57.81452560424805 19.069374084472656
18.391578674316406 58.500892639160156 26.218156814575195
26.967540740966797 64.67098999023438 25.7198486328125
38.052581787109375 66.0850830078125 19.927509307861328
47.84196853637695 63.478797912597656 12.826105117797852
-41.16897201538086 40.77264404296875 13.205216407775879
-35.13339614868164 46.80742645263672 17.62729263305664
-29.5938777923584 48.812686920166016 18.61420440673828
-24.701786041259766 47.098236083984375 18.14765167236328
-16.446306228637695 44.350074768066406 16.959096908569336
-24.16476058959961 40.94300079345703 17.781593322753906
-29.859661102294922 39.289363861083984 17.623258590698242
-35.22590255737305 38.81711959838867 16.417110443115234
43.39943313598633 43.77747344970703 8.955596923828125
38.7212028503418 42.48112106323242 12.01224422454834
33.369667053222656 42.92885208129883 13.82206916809082
27.569307327270508 44.302371978759766 14.511069297790527
19.386125564575195 46.734291076660156 14.818748474121094
26.826780319213867 50.69638442993164 14.442825317382812
33.22012710571289 51.48465347290039 14.989914894104004
39.503726959228516 49.767059326171875 12.95401382446289
-30.13836669921875 44.657325744628906 19.187679290771484
32.91172409057617 48.099361419677734 15.595250129699707
13.058279991149902 46.52528762817383 27.317676544189453
18.735017776489258 25.837371826171875 39.4018440246582
24.88946533203125 16.95185089111328 31.31142807006836
22.777986526489258 7.591523170471191 34.33320999145508
18.32232093811035 11.690516471862793 47.358909606933594
8.207834243774414 3.2875313758850098 46.48971939086914
-3.170001268386841 9.64244270324707 44.1627311706543
-9.334129333496094 6.038059234619141 36.277530670166016
-12.776681900024414 12.73513126373291 33.69371032714844
-6.40048885345459 23.95916175842285 40.03163528442383
-7.49595308303833 44.47853469848633 26.392301559448242
9.129793167114258 18.219423294067383 61.24369430541992
-21.9622859954834 -16.027925491333008 23.995426177978516
-8.87834644317627 -11.372993469238281 38.225093841552734
1.1680352687835693 -9.25936508178711 42.0655403137207
7.808116436004639 -10.54824447631836 41.9173469543457
14.071032524108887 -8.401506423950195 41.03879928588867
22.405960083007812 -9.763882637023926 35.98060607910156
32.13134002685547 -13.224527359008789 20.332029342651367
21.322139739990234 -20.68240737915039 36.47237777709961
8.864623069763184 -23.151254653930664 41.48200607299805
-5.745635986328125 -22.61493492126465 39.05921173095703
-3.735344886779785 -15.692940711975098 38.51934051513672
7.821385383605957 -15.395956993103027 40.236534118652344
18.984996795654297 -14.34874153137207 36.87541198730469
-3.4947564601898193 -17.14728355407715 38.702728271484375
8.009965896606445 -16.93536949157715 40.10018539428711
19.036941528320312 -15.476783752441406 36.85520553588867
-63.13557815551758 -15.096982955932617 -38.18125915527344
-49.94740295410156 -49.09698486328125 -28.181257247924805
-38.03602600097656 -57.26112747192383 -9.223455429077148
-22.118913650512695 -61.74684524536133 8.283021926879883
-4.540498733520508 -63.788536071777344 24.41499137878418
12.003986358642578 -63.81217575073242 28.201581954956055
27.750093460083008 -61.02008056640625 21.316570281982422
42.6182861328125 -54.03523635864258 2.5639607906341553
53.47975158691406 -50.00675582885742 -23.713775634765625
57.75511169433594 -44.09698486328125 -33.444183349609375
62.249324798583984 -22.096982955932617 -46.18125915527344
