-62.146419525146484 30.765399932861328 3.0237984657287598
-53.684593200683594 43.584808349609375 12.39210319519043
-40.15775680541992 47.05912780761719 21.044198989868164
-25.56053924560547 48.526790618896484 26.840049743652344
-15.252572059631348 41.901920318603516 26.36140251159668
-26.319665908813477 39.56235122680664 21.70734405517578
-39.2877311706543 38.11212158203125 20.530641555786133
-52.03519058227539 34.063385009765625 13.95824146270752
52.027870178222656 38.939449310302734 -7.642413139343262
44.36330032348633 41.9115104675293 4.759781360626221
33.52538299560547 44.082359313964844 13.036842346191406
19.76091766357422 43.25830078125 16.864212036132812
10.903364181518555 45.188690185546875 24.463300704956055
20.259624481201172 52.93836212158203 22.143630981445312
33.29166793823242 52.56134796142578 14.58360767364502
42.781646728515625 51.9256477355957 5.503827095031738
-47.271766662597656 22.490001678466797 10.30697250366211
-44.53763961791992 26.569101333618164 13.238150596618652
-34.733848571777344 31.482940673828125 16.325008392333984
-28.771385192871094 31.216867446899414 15.138886451721191
-20.368261337280273 27.822233200073242 14.431973457336426
-28.05960464477539 23.534141540527344 16.031402587890625
-34.34239959716797 20.915056228637695 16.238325119018555
-40.524505615234375 20.219593048095703 14.678949356079102
38.757381439208984 29.915828704833984 5.770961284637451
34.3478889465332 27.370969772338867 9.190508842468262
28.5803279876709 27.751625061035156 11.59893798828125
22.786237716674805 28.898130416870117 11.784372329711914
13.89792537689209 31.51604461669922 11.820344924926758
22.294536590576172 35.6512336730957 11.406411170959473
22.724811553955078 34.92283630371094 11.619356155395508
34.43711853027344 34.65085983276367 9.3529634475708
-34.214881896972656 27.093730926513672 17.310314178466797
28.638648986816406 33.146297454833984 12.260849952697754
8.138198852539062 32.732364654541016 23.131061553955078
14.57815933227539 12.455818176269531 37.87318420410156
21.258249282836914 2.935486078262329 31.69473648071289
20.002363204956055 -6.348761081695557 33.5078239440918
14.749079704284668 -1.6748164892196655 47.19115447998047
5.69667387008667 -9.800776481628418 47.41078186035156
-4.817801475524902 -4.388124942779541 45.322425842285156
-11.130265235900879 -9.408517837524414 36.77609634399414
-15.351396560668945 -3.060551166534424 33.59452819824219
-8.87878704071045 9.246918678283691 40.38990020751953
-12.619390487670898 28.913528442382812 22.888370513916016
6.644325256347656 6.165855884552002 60.325504302978516
-20.354774475097656 -34.922882080078125 30.30328941345215
-9.476547241210938 -26.995878219604492 41.52214050292969
0.16855274140834808 -22.965925216674805 45.2249870300293
6.631409168243408 -23.797252655029297 45.137779235839844
12.711572647094727 -21.522031784057617 44.01380920410156
20.932798385620117 -24.031278610229492 38.74508285522461
28.611106872558594 -29.655073165893555 25.022724151611328
20.339967727661133 -34.480777740478516 39.361907958984375
8.60384464263916 -36.69245910644531 45.52177429199219
-5.281522750854492 -37.69082260131836 42.946285247802734
-4.156158924102783 -30.098670959472656 42.201271057128906
6.905828952789307 -28.807052612304688 43.79212951660156
17.517589569091797 -27.931774139404297 40.035614013671875
-3.8887879848480225 -31.40993881225586 42.585914611816406
6.956313610076904 -30.486637115478516 43.792022705078125
17.55853843688965 -29.117935180664062 40.152767181396484
-64.60442352294922 -41.304298400878906 -44.839088439941406
-48.54896926879883 -73.56842803955078 -30.62700653076172
-38.34083557128906 -76.3488540649414 -2.2941112518310547
-22.54924201965332 -79.60575103759766 13.879942893981934
-4.887948989868164 -80.12418365478516 29.910398483276367
10.4739408493042 -79.03325653076172 34.44793701171875
30.488727569580078 -74.41185760498047 26.310461044311523
41.877193450927734 -70.00237274169922 7.318899154663086
52.765838623046875 -67.19813537597656 -22.50443458557129
58.665283203125 -52.3487548828125 -39.179649353027344
60.490203857421875 -23.348758697509766 -54.17964553833008
