-53.22537612915039 31.59483528137207 -31.425050735473633
-49.627288818359375 41.931678771972656 -17.962202072143555
-44.59573745727539 43.5971794128418 -6.9428181648254395
-37.163814544677734 43.30537414550781 2.385972261428833
-28.367868423461914 36.558536529541016 6.579234600067139
-34.82782745361328 35.77428436279297 -2.4271774291992188
-43.59809112548828 35.54850769042969 -8.644623756408691
-49.97739791870117 34.43695068359375 -16.616418838500977
49.30180740356445 38.430076599121094 16.826936721801758
35.65119552612305 39.77448272705078 23.009613037109375
24.004037857055664 40.08112716674805 23.5335750579834
13.856263160705566 38.48905563354492 20.182409286499023
2.287039279937744 38.265785217285156 21.31690788269043
10.115727424621582 46.68012237548828 25.77821922302246
23.496362686157227 48.060760498046875 25.711349487304688
37.27531814575195 47.51652526855469 22.104124069213867
-45.910621643066406 17.894479751586914 -19.748199462890625
-41.77370071411133 22.20896339416504 -11.1233549118042
-37.00667190551758 24.273681640625 -8.03857135772705
-31.629432678222656 23.787067413330078 -7.171545028686523
-21.494577407836914 19.701095581054688 -5.449652671813965
-30.675769805908203 18.972652435302734 -8.320794105529785
-35.89054489135742 17.018177032470703 -10.396259307861328
-40.90401077270508 16.762781143188477 -13.78736686706543
33.10807800292969 21.566640853881836 20.34419822692871
27.002620697021484 19.690765380859375 19.660831451416016
22.067123413085938 19.262056350708008 17.734228134155273
17.192020416259766 19.981603622436523 14.870655059814453
8.589400291442871 21.363521575927734 10.190653800964355
16.763322830200195 25.49422836303711 16.35211944580078
20.671512603759766 25.80038070678711 20.360063552856445
26.345314025878906 23.999683380126953 22.0928897857666
-36.41938781738281 20.127017974853516 -8.2825345993042
21.119848251342773 22.640398025512695 18.65346336364746
-3.417569875717163 22.008176803588867 16.597362518310547
-5.602842807769775 -0.044419873505830765 32.043216705322266
3.4954147338867188 -12.510807037353516 23.996509552001953
-0.5815894603729248 -19.580293655395508 25.96782684326172
-9.070649147033691 -15.685832023620605 34.3272705078125
-18.408905029296875 -22.13262367248535 30.020183563232422
-28.57184410095215 -13.96525764465332 28.715497970581055
-25.286314010620117 -18.76436996459961 14.695533752441406
-25.93964958190918 -13.298896789550781 9.828900337219238
-26.667972564697266 -1.3635456562042236 21.1053466796875
-17.601932525634766 21.041776657104492 10.11685562133789
-25.37850570678711 -7.055295944213867 43.011573791503906
-31.08964729309082 -46.3189697265625 1.7274231910705566
-27.27606964111328 -38.69355392456055 14.252622604370117
-21.518484115600586 -35.11787414550781 22.38443946838379
-16.221454620361328 -36.51054382324219 25.64227867126465
-10.630193710327148 -34.8698616027832 27.81281852722168
-1.0900306701660156 -37.68304443359375 27.384437561035156
9.593130111694336 -43.93370819091797 22.769248962402344
-3.682020664215088 -47.77914047241211 26.728397369384766
-15.543227195739746 -47.938594818115234 24.074176788330078
-25.5111026763916 -48.589420318603516 15.865142822265625
-23.024635314941406 -42.08943176269531 16.70002555847168
-14.919196128845215 -40.808937072753906 23.260215759277344
-5.518628120422363 -41.0644416809082 25.451242446899414
-22.85957145690918 -43.29888916015625 16.824068069458008
-14.6919527053833 -42.92997360229492 23.032411575317383
-5.6044921875 -42.53522872924805 25.446407318115234
-52.41155242919922 -15.95822525024414 -59.95621109008789
-45.8856201171875 -55.29888916015625 -35.61554718017578
-40.41191101074219 -71.29888153076172 -23.615549087524414
-36.5308837890625 -78.29888153076172 -17.615550994873047
-26.970455169677734 -79.46906280517578 9.569703102111816
-11.899829864501953 -76.79154205322266 22.72723388671875
21.136688232421875 -80.29888153076172 19.831003189086914
45.13668441772461 -72.29888153076172 9.833325386047363
57.316062927246094 -68.29888153076172 1.384443998336792
69.13668060302734 -46.29888916015625 -3.938124895095825
74.59797668457031 -31.298892974853516 -7.615553855895996
