-19.64769744873047 10.210196495056152 -13.226202964782715
-17.13189697265625 24.719335556030273 -8.254680633544922
-11.202054023742676 32.557804107666016 1.6855592727661133
-6.298903465270996 33.75173568725586 13.06275749206543
-1.351188063621521 22.93790626525879 18.75126075744629
-7.546096324920654 23.676965713500977 14.660094261169434
-13.45572280883789 23.204559326171875 8.252984046936035
-18.21019744873047 18.77189826965332 -0.5785784125328064
58.4803352355957 30.0701961517334 53.762298583984375
41.20092010498047 28.214061737060547 54.18226623535156
35.580474853515625 31.018470764160156 50.00782012939453
29.237457275390625 30.791114807128906 43.93764877319336
22.64432144165039 29.441490173339844 38.6313591003418
23.066118240356445 35.30617141723633 39.94744873046875
36.5855712890625 37.9317626953125 46.80197525024414
45.469451904296875 35.19200897216797 51.95985412597656
-16.901798248291016 2.8579208850860596 5.606081962585449
-13.575329780578613 7.215445518493652 13.464930534362793
-9.621389389038086 12.749930381774902 17.480823516845703
-2.86283016204834 12.106488227844238 21.13599395751953
1.644444227218628 10.07534408569336 23.86749267578125
-2.562086582183838 7.23604679107666 21.3245849609375
-6.3990702629089355 5.806710243225098 19.253122329711914
-10.842787742614746 3.506235122680664 15.440735816955566
40.895606994628906 16.283206939697266 55.34701919555664
36.33808517456055 15.0374116897583 52.7904167175293
32.85988235473633 14.797972679138184 49.393287658691406
30.77008628845215 14.710323333740234 46.36250305175781
24.751220703125 16.75739097595215 41.33082580566406
29.73110008239746 18.863391876220703 46.383235931396484
31.7756290435791 19.072830200195312 49.0126953125
36.17715835571289 19.207426071166992 53.338050842285156
-8.52064323425293 6.595929145812988 18.077905654907227
32.45365524291992 18.11888313293457 49.84097671508789
15.48300838470459 15.829768180847168 39.958587646484375
14.979243278503418 -5.305649280548096 55.61292266845703
26.707128524780273 -13.082406997680664 57.61495590209961
23.058582305908203 -21.47791862487793 60.035301208496094
13.28307819366455 -18.295804977416992 62.7254638671875
3.435203790664673 -24.49125862121582 58.943302154541016
-3.185373306274414 -23.83461570739746 48.21733474731445
-2.789102792739868 -27.126056671142578 40.33648681640625
-4.551777362823486 -19.80635643005371 36.895721435546875
-1.0542547702789307 -8.218775749206543 41.624366760253906
5.726090908050537 12.695956230163574 29.183629989624023
-0.7939912676811218 -10.725159645080566 59.00344467163086
-8.543347358703613 -47.14264678955078 46.73529815673828
-5.444045543670654 -38.04341125488281 52.122703552246094
-1.3731805086135864 -31.856555938720703 57.024574279785156
2.231118679046631 -31.711702346801758 62.02033233642578
7.733153820037842 -29.129444122314453 64.46969604492188
14.486328125 -31.144323348999023 68.52491760253906
23.509719848632812 -37.516326904296875 71.6647720336914
11.294486045837402 -43.44968795776367 72.45632934570312
1.9251139163970947 -45.9463005065918 67.72807312011719
-3.49432373046875 -47.516326904296875 58.459903717041016
-2.406161069869995 -39.07355499267578 54.05204391479492
2.3219289779663086 -35.3546142578125 62.19319152832031
11.47266960144043 -34.01542282104492 66.92420196533203
-2.535071849822998 -40.39448165893555 54.710445404052734
2.319047689437866 -35.97985076904297 63.110530853271484
10.96350383758545 -34.648155212402344 67.39735412597656
-22.628681182861328 -42.25175857543945 -2.3785691261291504
-9.947230339050293 -72.06942749023438 -15.669170379638672
-5.947230815887451 -82.51632690429688 -6.288372039794922
-4.947230815887451 -85.71099853515625 11.330828666687012
0.36493566632270813 -83.80782318115234 40.53337478637695
13.776451110839844 -79.06307983398438 64.3028564453125
32.052764892578125 -76.03926849365234 71.27774810791016
57.177947998046875 -72.83206939697266 67.70092010498047
80.0052490234375 -64.28448486328125 63.65214920043945
92.9876937866211 -64.1269760131836 54.7523078918457
44.13032913208008 -2.716541290283203 63.66337585449219
