-60.900115966796875 44.02338790893555 7.349835395812988
-50.792388916015625 53.44432067871094 7.584920406341553
-39.75871276855469 53.24279022216797 13.58503532409668
-28.67737579345703 54.63649368286133 14.076604843139648
-19.092832565307617 46.59934997558594 15.146624565124512
-27.831199645996094 46.5486946105957 17.91049575805664
-36.8676643371582 48.809959411621094 17.15547752380371
-49.645442962646484 44.826080322265625 15.603360176086426
40.74575424194336 40.438560485839844 -5.864398002624512
30.9196720123291 46.22876739501953 0.4691380262374878
27.13450813293457 46.449703216552734 2.531658887863159
21.408052444458008 45.80255889892578 5.1045966148376465
22.64149284362793 42.22573471069336 6.402243137359619
31.03768539428711 47.34602355957031 -0.5253373384475708
25.1134033203125 53.294620513916016 -0.39655694365501404
43.63235092163086 41.495147705078125 -11.96288776397705
-43.37256622314453 29.059810638427734 23.66535186767578
-28.641525268554688 39.41556930541992 22.807598114013672
-26.05475425720215 36.251136779785156 23.462425231933594
-21.302627563476562 33.98390197753906 20.852773666381836
-15.612000465393066 30.431055068969727 19.474775314331055
-21.86863899230957 28.800762176513672 21.69900894165039
-25.59654426574707 27.516969680786133 23.544780731201172
-28.99090003967285 27.570175170898438 24.8260440826416
34.608768463134766 27.878183364868164 5.948561668395996
31.769128799438477 25.010278701782227 7.398714542388916
27.686477661132812 24.81114959716797 8.964461326599121
22.285236358642578 26.420501708984375 10.057945251464844
16.991975784301758 28.91103172302246 10.664213180541992
22.034170150756836 31.242509841918945 9.996110916137695
26.002517700195312 31.116140365600586 10.055896759033203
29.419382095336914 28.420866012573242 9.125490188598633
-24.86644744873047 30.670177459716797 23.186458587646484
25.992082595825195 27.821725845336914 9.801092147827148
8.191277503967285 30.123897552490234 17.097654342651367
14.536676406860352 10.938955307006836 33.23204803466797
21.07802391052246 -0.9740012884140015 27.012388229370117
18.68647575378418 -7.451208114624023 32.901920318603516
14.245502471923828 -1.715470552444458 39.81178665161133
5.365346431732178 -5.859264373779297 40.453346252441406
-4.119736194610596 -2.7546095848083496 42.721946716308594
-10.71805191040039 -7.592343807220459 40.345703125
-16.31353187561035 -2.1070396900177 36.73064422607422
-7.64000129699707 10.74991226196289 36.6900749206543
-7.558370590209961 31.10235595703125 21.258886337280273
6.22178316116333 8.281049728393555 48.6982421875
-17.77847671508789 -31.15620994567871 44.702362060546875
-8.282115936279297 -23.478654861450195 47.63829803466797
0.8033967614173889 -18.174503326416016 48.294498443603516
7.087472915649414 -18.945144653320312 48.58985137939453
12.285141944885254 -17.968027114868164 45.49294662475586
19.229536056518555 -22.8415584564209 41.417457580566406
26.116785049438477 -31.123210906982422 33.338951110839844
18.794483184814453 -35.24087142944336 46.31719207763672
7.721409320831299 -35.33890914916992 52.25178909301758
-4.575569152832031 -35.4608039855957 51.37733459472656
-3.6179282665252686 -26.431875228881836 47.590030670166016
6.676408290863037 -25.833982467651367 48.08659744262695
14.833086967468262 -26.204084396362305 43.31913375854492
-3.4365248680114746 -27.40629768371582 48.118778228759766
6.862299919128418 -27.31205177307129 48.22898864746094
14.955617904663086 -27.63201141357422 44.04600143432617
-68.31354522705078 -40.31205368041992 20.309328079223633
-17.31353187561035 -31.312053680419922 44.62439727783203
-59.560916900634766 -50.31205749511719 26.901920318603516
-31.313535690307617 -63.31206130981445 40.34723663330078
-16.42450714111328 -65.31205749511719 48.05401611328125
4.6864728927612305 -64.31205749511719 53.30097198486328
23.686477661132812 -67.00926971435547 41.90192413330078
42.99785614013672 -59.464969635009766 15.218597412109375
52.885581970214844 -58.31206130981445 -8.098089218139648
57.686485290527344 -49.31205749511719 -21.98194122314453
57.686485290527344 -49.31205749511719 -21.98194122314453
