-62.830509185791016 96.34716796875 -38.815799713134766
-63.9538688659668 114.39012908935547 -27.626523971557617
-58.826934814453125 121.57508087158203 -15.609333992004395
-52.747161865234375 123.74836730957031 -4.039786338806152
-45.86398696899414 117.23783874511719 3.9784960746765137
-51.694026947021484 113.48458862304688 -4.603635787963867
-59.44154739379883 111.5727310180664 -13.264143943786621
-63.95842361450195 104.28245544433594 -24.837574005126953
27.762596130371094 115.26546478271484 33.640743255615234
14.916997909545898 119.66902923583984 36.61623001098633
2.36826753616333 124.39515686035156 34.70777893066406
-8.176859855651855 122.94534301757812 29.703367233276367
-19.357585906982422 122.98035430908203 25.394229888916016
-11.08867359161377 131.42962646484375 28.653675079345703
1.9624367952346802 132.2289581298828 32.347023010253906
19.506921768188477 127.54899597167969 33.84196090698242
-59.84803009033203 90.0091323852539 -16.21204948425293
-56.913169860839844 98.08592224121094 -5.139960289001465
-48.09453582763672 100.31712341308594 -1.6343599557876587
-44.532989501953125 99.15355682373047 -0.6144687533378601
-39.57920837402344 96.79756927490234 4.328351020812988
-47.6259880065918 94.1654052734375 -0.4656732976436615
-51.66975021362305 91.80884552001953 -3.1265881061553955
-51.69927215576172 91.65620422363281 -3.19828462600708
6.4979729652404785 102.2005844116211 38.781131744384766
0.006345908157527447 100.82966613769531 37.41300582885742
-5.230068683624268 100.42855834960938 34.529170989990234
-9.078367233276367 100.9425048828125 31.029159545898438
-14.196097373962402 101.76737976074219 23.72045135498047
-9.621429443359375 105.89022827148438 31.185083389282227
-7.250845909118652 106.7896957397461 34.939815521240234
-0.6016794443130493 105.58883666992188 38.9263801574707
-47.13151931762695 96.70379638671875 -0.5869988203048706
-6.29122257232666 102.83161926269531 34.868797302246094
-25.982280731201172 104.08686065673828 23.841289520263672
-32.096553802490234 88.0237045288086 42.81182098388672
-21.20583724975586 74.41831970214844 43.38724899291992
-27.13254737854004 67.2107162475586 46.37675476074219
-36.855716705322266 77.62572479248047 46.53264617919922
-45.757957458496094 67.91669464111328 44.48874282836914
-50.73582077026367 75.99105072021484 35.696754455566406
-50.6109504699707 64.1449203491211 28.148637771606445
-51.230690002441406 68.9271011352539 20.953237533569336
-50.275604248046875 84.88164520263672 28.729393005371094
-38.77483367919922 101.01638793945312 12.960548400878906
-52.508819580078125 90.48078155517578 49.88674545288086
-55.589622497558594 35.11576461791992 20.961822509765625
-54.95906448364258 47.054656982421875 34.520896911621094
-50.26093292236328 53.69970703125 42.89554977416992
-45.11068344116211 53.39622116088867 47.726219177246094
-39.359771728515625 55.41321563720703 50.8988037109375
-29.1361083984375 51.677791595458984 53.864070892333984
-14.755106925964355 43.96611785888672 52.78762435913086
-31.415163040161133 41.41919708251953 56.033599853515625
-45.23561096191406 39.867164611816406 50.551231384277344
-53.94681167602539 36.92321014404297 39.10791015625
-51.704463958740234 44.191654205322266 38.63750076293945
-43.853179931640625 46.97111892700195 46.94108200073242
-33.628604888916016 47.17411422729492 52.44370651245117
-51.69331359863281 43.140159606933594 39.207427978515625
-43.764347076416016 45.15651321411133 47.287925720214844
-33.83124923706055 45.95504379272461 52.89305877685547
-36.1982536315918 3.0720083713531494 -57.529449462890625
-40.935890197753906 -15.418490409851074 -34.70252227783203
-44.942440032958984 -18.56814193725586 -18.209129333496094
-47.8820686340332 -21.867616653442383 15.329585075378418
-48.74420928955078 -19.022663116455078 30.91159439086914
-36.85776138305664 -3.739806890487671 58.7078857421875
-26.844005584716797 -3.7517452239990234 65.45452117919922
4.17669677734375 -9.73980712890625 54.84588623046875
20.703874588012695 -5.73980712890625 51.4970703125
44.50453567504883 7.831667900085449 48.836124420166016
66.17669677734375 19.899873733520508 29.34894371032715
