-65.3467788696289 84.58898162841797 -8.56399154663086
-59.50728988647461 101.32988739013672 2.109063148498535
-49.63139343261719 107.10904693603516 10.263511657714844
-38.84912872314453 108.23735046386719 17.15558624267578
-28.982786178588867 101.5704574584961 20.73779296875
-38.58928680419922 97.04345703125 17.209369659423828
-50.02857971191406 95.60054016113281 13.076005935668945
-59.82329559326172 88.71540832519531 3.8361897468566895
51.474117279052734 90.0457763671875 10.221356391906738
42.395816802978516 95.11739349365234 20.824207305908203
29.718223571777344 101.55060577392578 25.951824188232422
18.63486671447754 101.98673248291016 26.13324546813965
7.337320327758789 104.27729034423828 26.655820846557617
16.326549530029297 112.17703247070312 26.296329498291016
30.2877140045166 112.28404235839844 22.888521194458008
44.99083709716797 106.8243637084961 15.997442245483398
-51.13798141479492 76.33077239990234 10.437087059020996
-46.21587371826172 81.68270874023438 17.45217514038086
-38.63591766357422 84.98252868652344 19.672040939331055
-33.17373275756836 84.52686309814453 18.440690994262695
-27.00162124633789 81.56945037841797 18.00528907775879
-33.44047546386719 78.63866424560547 18.526615142822266
-39.07503890991211 77.34672546386719 17.826629638671875
-42.534236907958984 76.46177673339844 16.561939239501953
34.43537902832031 81.24478149414062 24.613122940063477
27.917861938476562 80.35840606689453 26.633089065551758
21.935298919677734 80.52420806884766 27.09827995300293
16.193571090698242 81.54450988769531 26.33119773864746
8.398653030395508 83.54977416992188 24.102495193481445
14.537741661071777 86.82222747802734 26.52285385131836
17.943876266479492 88.17792510986328 28.763134002685547
27.013896942138672 82.6253662109375 28.67588233947754
-36.188385009765625 80.76666259765625 18.95050048828125
21.222169876098633 82.27755737304688 28.056114196777344
0.3388267159461975 87.00167083740234 29.037750244140625
2.02632474899292 70.2080078125 47.010501861572266
10.276130676269531 55.5068244934082 41.47097396850586
5.684289455413818 49.31208038330078 46.808467864990234
-1.0338703393936157 59.6243782043457 54.43805694580078
-10.410194396972656 51.00285720825195 54.93717575073242
-19.159048080444336 60.325050354003906 50.7803840637207
-21.965518951416016 47.868106842041016 43.57603073120117
-25.42169189453125 52.543556213378906 37.578216552734375
-20.518835067749023 68.18942260742188 43.69397735595703
-18.79553985595703 84.58885955810547 24.712356567382812
-12.079730987548828 73.7324447631836 62.71281814575195
-31.537952423095703 18.18644905090332 43.950504302978516
-24.717866897583008 29.65110206604004 51.134769439697266
-16.149091720581055 36.84514617919922 55.64405822753906
-9.505877494812012 36.428680419921875 57.57643508911133
-2.513239622116089 37.980323791503906 57.58565139770508
7.430290699005127 32.42409896850586 55.76704788208008
17.367481231689453 23.086685180664062 51.10974884033203
4.900771617889404 21.440793991088867 59.02401351928711
-8.422327041625977 20.877573013305664 59.64399719238281
-21.42626190185547 19.379417419433594 54.875999450683594
-19.75895118713379 26.408824920654297 52.52463150024414
-8.8684720993042 28.804962158203125 55.86355972290039
2.059696912765503 28.287538528442383 55.685020446777344
-19.574953079223633 25.31207847595215 53.06923294067383
-8.665265083312988 26.992984771728516 55.8702392578125
1.986997127532959 27.103017807006836 56.18596649169922
-56.8579216003418 -2.115797996520996 -51.51980209350586
-55.313629150390625 -17.608034133911133 -27.315149307250977
-48.047584533691406 -27.30658721923828 9.950498580932617
-35.694644927978516 -32.51548385620117 32.57337188720703
-21.271316528320312 -30.963947296142578 51.17053985595703
-8.283206939697266 -28.747386932373047 56.20780563354492
13.251119613647461 -24.012754440307617 55.82126998901367
36.14208984375 -23.335498809814453 46.016387939453125
43.14208984375 -25.7713623046875 26.95050048828125
66.39472198486328 -16.340478897094727 1.034769892692566
70.6033935546875 -8.798255920410156 -8.918227195739746
