-45.34721755981445 42.39528274536133 -72.0132064819336
-39.6070442199707 61.95600128173828 -74.28153228759766
-30.889184951782227 73.78936767578125 -65.58512878417969
-23.04017448425293 79.85363006591797 -56.78411102294922
-17.10291862487793 76.41974639892578 -46.412906646728516
-24.882808685302734 69.5802001953125 -49.804222106933594
-36.13337707519531 65.13836669921875 -56.86906051635742
-42.71588897705078 55.92207336425781 -61.2138671875
57.59980392456055 68.92657470703125 -20.467756271362305
47.82660675048828 76.31446838378906 -19.73583221435547
34.53828430175781 83.87887573242188 -24.695945739746094
24.748876571655273 81.57584381103516 -26.34641456604004
12.516075134277344 83.03456115722656 -31.735397338867188
23.034133911132812 90.44192504882812 -34.05356979370117
38.163604736328125 88.91813659667969 -31.903623580932617
52.71324157714844 81.69065856933594 -30.15004539489746
-39.956634521484375 50.261451721191406 -43.88999557495117
-38.57353591918945 53.43118667602539 -42.870689392089844
-27.76399040222168 62.22257995605469 -40.97359085083008
-23.899892807006836 61.339412689208984 -40.16019821166992
-19.70868682861328 60.19929504394531 -38.40399169921875
-26.999622344970703 57.994632720947266 -36.832557678222656
-34.078224182128906 52.54669189453125 -37.5006217956543
-39.521522521972656 49.776954650878906 -42.744964599609375
35.65538787841797 68.74125671386719 -8.829015731811523
22.439838409423828 66.54669189453125 -9.469313621520996
24.64167594909668 68.38521575927734 -9.240522384643555
18.51786994934082 68.47969055175781 -12.925636291503906
11.000894546508789 66.51539611816406 -20.21502685546875
20.548330307006836 71.58428955078125 -13.339070320129395
18.867189407348633 72.25151062011719 -15.83427906036377
34.89779281616211 75.28150177001953 -13.806550025939941
-32.28102111816406 56.83211898803711 -38.40399169921875
25.413667678833008 70.56999969482422 -9.850924491882324
1.367382526397705 71.90717315673828 -21.167818069458008
-5.312564849853516 73.44873809814453 3.0665535926818848
0.641893744468689 59.825164794921875 11.165743827819824
-6.5572333335876465 58.54669189453125 17.236583709716797
-14.2206392288208 70.81339263916016 11.677236557006836
-23.29083251953125 64.25027465820312 15.900627136230469
-28.59930419921875 69.44497680664062 4.775001525878906
-31.756574630737305 53.53117370605469 5.778829097747803
-32.794944763183594 53.353023529052734 -1.9427647590637207
-27.73934555053711 71.74049377441406 -4.9824066162109375
-14.267718315124512 66.69480895996094 -29.15018653869629
-23.895198822021484 85.59896087646484 6.305215358734131
-47.0078125 31.30955696105957 21.891239166259766
-40.16004180908203 45.96823501586914 22.106950759887695
-31.66164779663086 54.375732421875 24.00520896911621
-26.807889938354492 55.36296463012695 27.75101661682129
-20.758628845214844 56.747093200683594 28.709537506103516
-11.568385124206543 53.10892105102539 33.9677848815918
-2.285897970199585 43.54669189453125 40.5334587097168
-18.279258728027344 45.99083709716797 44.11775207519531
-30.488025665283203 45.526241302490234 39.877838134765625
-41.098026275634766 40.33086395263672 32.7991943359375
-36.532814025878906 43.6820068359375 26.561031341552734
-27.217878341674805 48.798763275146484 31.188762664794922
-17.1461124420166 49.1759147644043 35.23915481567383
-36.80073547363281 43.111141204833984 27.80739974975586
-27.55397605895996 47.28388214111328 32.52314376831055
-17.606670379638672 48.54041290283203 36.04645538330078
-63.94083023071289 -25.961225509643555 -14.40399169921875
-55.350406646728516 -41.45330810546875 5.223546028137207
-59.132545471191406 -33.89595031738281 14.908003807067871
-56.749393463134766 -21.927860260009766 43.59600830078125
-42.991058349609375 0.2574459910392761 64.59600830078125
-32.2862548828125 5.841888427734375 67.878662109375
-23.462705612182617 7.4618821144104 73.81866455078125
4.008942127227783 -3.45330810546875 71.07867431640625
34.008941650390625 -8.348198890686035 61.78584671020508
47.5614128112793 -9.731672286987305 55.81097412109375
44.854984283447266 40.10934066772461 29.376056671142578
