-47.631813049316406 110.87744140625 33.80104064941406
-41.99287033081055 117.82096862792969 41.2660026550293
-29.188827514648438 121.40814971923828 50.568782806396484
-18.596675872802734 120.81604766845703 53.84808349609375
-8.126239776611328 114.2947769165039 52.324527740478516
-19.109699249267578 112.6445541381836 50.08452224731445
-29.327308654785156 112.55614471435547 49.26715087890625
-36.346031188964844 111.35968780517578 45.47779846191406
64.59098052978516 113.88581848144531 22.29847526550293
56.92509460449219 115.98053741455078 34.53201675415039
47.650394439697266 117.3314208984375 42.0084342956543
38.11509323120117 116.90550994873047 44.5662956237793
26.21052360534668 117.04885864257812 50.20820999145508
36.42731475830078 124.6152572631836 49.311790466308594
48.7217903137207 124.39482879638672 43.7584342956543
59.74607849121094 122.6631851196289 33.15740203857422
-33.16593933105469 94.39659118652344 37.98451232910156
-25.00653076171875 98.2469253540039 45.081138610839844
-19.21082305908203 99.88395690917969 46.0501708984375
-13.540544509887695 100.30205535888672 42.99205780029297
-7.801674842834473 98.3781967163086 38.16413879394531
-14.45527458190918 95.58465576171875 40.538211822509766
-18.993619918823242 93.91382598876953 41.16325759887695
-23.435911178588867 93.13037109375 40.95702362060547
50.232025146484375 99.80522918701172 31.638587951660156
43.592254638671875 98.27588653564453 34.42921447753906
38.2337646484375 98.8870849609375 35.52421569824219
33.21413803100586 99.9161148071289 35.0518798828125
24.669137954711914 101.28665161132812 35.00987243652344
33.224220275878906 104.98023223876953 37.62454605102539
38.36022186279297 104.5032730102539 39.477027893066406
44.56214904785156 102.36772918701172 38.03166580200195
-17.785905838012695 95.86882781982422 43.08092498779297
37.60547637939453 101.04645538330078 37.12051010131836
17.281156539916992 100.66360473632812 45.575828552246094
21.17591094970703 77.18209075927734 56.42977523803711
28.37176513671875 68.9415054321289 45.68891906738281
25.511552810668945 59.05058670043945 48.167633056640625
20.097450256347656 63.0955924987793 55.94057083129883
11.058448791503906 57.19144821166992 59.603084564208984
1.0363587141036987 61.36354064941406 56.12339401245117
-3.551453113555908 57.1933479309082 49.1993522644043
-6.770233631134033 65.25382232666016 47.58828353881836
-1.021238088607788 75.62616729736328 57.63008499145508
2.3857743740081787 98.90019989013672 45.05912399291992
10.762948989868164 70.89571380615234 75.48612976074219
-16.082536697387695 33.70742416381836 41.2103385925293
-3.5922205448150635 39.172584533691406 52.77737808227539
5.322299957275391 42.91547393798828 57.830474853515625
11.95779037475586 42.248294830322266 58.365966796875
18.527599334716797 44.34131622314453 57.3427619934082
26.893142700195312 41.57526397705078 51.294193267822266
37.49104690551758 38.08161544799805 38.43129348754883
26.11076545715332 31.50229835510254 51.14585494995117
13.512813568115234 29.258102416992188 55.27760314941406
-1.156646966934204 28.95323371887207 52.52513885498047
0.9966635704040527 36.26408386230469 52.134849548339844
12.092838287353516 36.76904296875 54.793060302734375
23.35399055480957 38.021453857421875 51.305267333984375
1.1972626447677612 35.043487548828125 52.16734313964844
11.955741882324219 35.61257553100586 54.21195602416992
23.411155700683594 37.04585647583008 51.23380661010742
-56.71939468383789 50.09559631347656 -17.042964935302734
-50.94034194946289 26.09560203552246 -11.04296588897705
-34.524696350097656 10.09560489654541 3.957031011581421
-19.946884155273438 -0.0545848123729229 16.37847137451172
-4.084289073944092 -6.3818230628967285 30.95702362060547
14.77033519744873 -5.322038173675537 35.19971466064453
32.91570281982422 -3.4395480155944824 28.95702362060547
48.08835220336914 8.850439071655273 11.995577812194824
59.09363555908203 23.143726348876953 -3.8989272117614746
70.31114196777344 43.857425689697266 -17.042964935302734
72.016845703125 58.01227951049805 -19.042964935302734
