-47.924861907958984 88.34020233154297 40.51727294921875
-41.918296813964844 95.94680786132812 48.73318862915039
-31.409984588623047 98.46772766113281 56.92350387573242
-20.0491886138916 97.84160614013672 60.771446228027344
-9.264087677001953 92.15994262695312 59.668758392333984
-19.995532989501953 89.5625228881836 56.74782943725586
-30.890300750732422 89.5615463256836 55.4090576171875
-39.61251449584961 88.14483642578125 49.39033126831055
63.75910186767578 93.67813110351562 31.503801345825195
54.61948776245117 93.6764144897461 44.0561637878418
45.69984817504883 95.05596160888672 51.13597106933594
36.645179748535156 94.11134338378906 52.643211364746094
24.956989288330078 94.56828308105469 57.856266021728516
35.69345474243164 101.73448944091797 57.328739166259766
45.64263153076172 103.049072265625 53.13861083984375
57.58019256591797 101.26533508300781 43.14674377441406
-33.795902252197266 73.32453155517578 44.143104553222656
-26.556209564208984 75.90829467773438 50.488494873046875
-20.53432273864746 77.96027374267578 51.62774658203125
-15.433592796325684 78.14517974853516 49.10535430908203
-8.40318775177002 76.76277923583984 44.87050247192383
-15.813310623168945 73.80118560791016 46.142417907714844
-22.23426628112793 72.2177963256836 46.686492919921875
-26.40656852722168 71.61257934570312 46.162353515625
48.44070053100586 78.79669189453125 40.02880096435547
42.70777893066406 77.28052520751953 41.94519805908203
37.28554153442383 77.10847473144531 42.723628997802734
32.075260162353516 78.15576934814453 42.557132720947266
23.859092712402344 79.75724792480469 42.658775329589844
31.983070373535156 83.06026458740234 45.51240158081055
37.42368698120117 83.40576171875 47.847618103027344
43.3297004699707 80.9139633178711 45.49980545043945
-20.499799728393555 74.09239959716797 48.155303955078125
36.71809768676758 79.39109802246094 44.576786041259766
16.26403045654297 78.9769287109375 51.82097244262695
19.856184005737305 55.26774215698242 60.45411682128906
28.121246337890625 46.569915771484375 48.822296142578125
24.488248825073242 38.226806640625 51.815269470214844
18.42305564880371 40.81170654296875 60.09538269042969
8.772231101989746 34.65981674194336 62.02880096435547
-1.6703399419784546 39.76023864746094 59.746002197265625
-6.7136993408203125 37.2967529296875 51.168052673339844
-10.181502342224121 44.19456481933594 49.34514617919922
-3.5461244583129883 54.280521392822266 59.976810455322266
0.5915628671646118 77.2464599609375 50.94404602050781
8.026525497436523 46.9842414855957 79.34300231933594
-20.193105697631836 16.988628387451172 38.092742919921875
-7.006594181060791 19.924402236938477 52.879642486572266
2.5764291286468506 22.737085342407227 58.38433837890625
9.541050910949707 21.61886215209961 59.19536590576172
16.286794662475586 23.438383102416992 58.817562103271484
25.400625228881836 21.521902084350586 53.90732955932617
37.54916763305664 19.437847137451172 39.55854415893555
24.2219295501709 10.481372833251953 52.43867874145508
10.944730758666992 7.906871795654297 55.87189865112305
-4.067317485809326 8.751066207885742 52.600852966308594
-2.1080124378204346 16.457910537719727 53.14140319824219
9.689447402954102 16.274131774902344 56.45733642578125
21.21590232849121 17.39109992980957 53.765953063964844
-1.8271551132202148 15.34063720703125 53.36016082763672
9.899560928344727 15.169198036193848 55.849090576171875
21.12788200378418 16.39109992980957 53.727848052978516
-58.45066833496094 38.96903610229492 -11.971199989318848
-45.701194763183594 0.7468492388725281 -7.971149921417236
-36.8203010559082 -7.608940124511719 -2.9711499214172363
-23.905925750732422 -16.540151596069336 12.833420753479004
-2.670340061187744 -26.60890007019043 32.57740020751953
10.585138320922852 -26.07145118713379 35.29213333129883
30.964599609375 -23.60890007019043 29.028799057006836
46.64593505859375 -10.897353172302246 11.636826515197754
59.058475494384766 4.947532653808594 -4.62626838684082
70.80460357666016 27.51070785522461 -12.971199989318848
73.97248840332031 52.680152893066406 -12.971199989318848
