-57.68523406982422 65.86215209960938 36.688316345214844
-53.97526168823242 75.30384063720703 44.90040588378906
-41.10177230834961 79.4097900390625 53.6766471862793
-26.821640014648438 83.68680572509766 60.67457962036133
-18.93208885192871 77.41451263427734 58.448055267333984
-28.799304962158203 72.62279510498047 56.16271209716797
-37.42989730834961 70.82477569580078 55.33388900756836
-49.89656448364258 68.12271881103516 46.1036262512207
50.321903228759766 91.15245056152344 28.073806762695312
42.36501693725586 90.39697265625 40.59541320800781
32.40230941772461 90.5191650390625 48.58107376098633
21.565271377563477 88.10265350341797 50.84654998779297
10.33653736114502 86.8844223022461 56.58011245727539
20.490413665771484 96.71956634521484 58.830047607421875
33.097434997558594 99.99483489990234 51.150081634521484
43.906585693359375 99.64881134033203 38.42709732055664
-42.53697204589844 55.67666244506836 42.245033264160156
-36.55144500732422 58.620731353759766 47.251712799072266
-30.24521255493164 61.94297409057617 49.01530075073242
-25.385826110839844 63.43831253051758 46.99881362915039
-18.293413162231445 63.27812194824219 42.45063400268555
-25.512725830078125 59.1994743347168 43.67090606689453
-29.837308883666992 57.09089660644531 43.81542205810547
-36.47235107421875 55.12993621826172 43.488731384277344
38.210025787353516 74.1108169555664 37.28023910522461
32.166812896728516 71.881103515625 39.701873779296875
26.512134552001953 71.1855239868164 40.813377380371094
21.235885620117188 71.64139556884766 40.18646240234375
12.549637794494629 71.8760986328125 38.6053352355957
20.269033432006836 76.42074584960938 42.95330047607422
25.803464889526367 76.66588592529297 44.38868713378906
32.0669059753418 75.83240509033203 42.53139114379883
-30.032533645629883 59.07341384887695 45.68272399902344
25.964635848999023 73.42682647705078 43.013206481933594
4.1580491065979 68.94709777832031 48.263668060302734
10.633800506591797 44.57771301269531 56.93159484863281
19.77277946472168 37.87958908081055 45.90640640258789
17.37586212158203 28.583126068115234 47.66606903076172
10.70659065246582 29.526548385620117 56.75657272338867
1.0069044828414917 23.530370712280273 57.13581085205078
-8.402765274047852 28.358896255493164 54.41306686401367
-13.7298002243042 26.635683059692383 45.05543518066406
-17.082273483276367 32.13083267211914 45.53793716430664
-12.363261222839355 41.00289535522461 55.907527923583984
-9.49537467956543 64.988525390625 47.288028717041016
-1.0321046113967896 34.65292739868164 74.29139709472656
-24.985017776489258 7.60223913192749 31.922164916992188
-12.423158645629883 10.094980239868164 46.6335563659668
-3.855142116546631 11.914530754089355 52.56355285644531
2.904280185699463 11.011452674865723 53.851219177246094
9.37073040008545 13.370749473571777 53.775596618652344
18.52547264099121 11.943155288696289 50.41632843017578
31.673213958740234 10.250757217407227 37.99367141723633
19.383434295654297 1.3721710443496704 49.33796691894531
5.5346221923828125 -1.875058650970459 51.44132614135742
-8.457117080688477 -1.1308552026748657 46.32838439941406
-7.227030277252197 6.378964424133301 47.23500442504883
3.608109474182129 6.3737406730651855 51.4168815612793
15.276277542114258 8.203161239624023 49.87889862060547
-6.820044994354248 5.0283522605896 47.54802703857422
3.9566714763641357 5.127007007598877 50.94895935058594
15.246991157531738 7.207330226898193 49.733612060546875
-70.29341888427734 17.68846321105957 -57.333946228027344
-46.29341506958008 -12.749245643615723 -10.914109230041504
-35.980648040771484 -21.45334243774414 -9.333939552307129
-21.120567321777344 -30.01752471923828 3.463186264038086
-4.293410778045654 -38.151397705078125 19.66606330871582
13.689460754394531 -35.22227478027344 27.157560348510742
30.470333099365234 -31.769664764404297 21.538068771362305
47.42580032348633 -15.936247825622559 3.877917766571045
55.84286880493164 -2.732203483581543 -12.333939552307129
64.4604721069336 16.250757217407227 -17.333940505981445
65.8301773071289 31.25075912475586 -16.333940505981445
