-47.18171691894531 43.19512176513672 26.022640228271484
-38.1785774230957 50.30489730834961 37.14461898803711
-29.45962142944336 51.22036361694336 43.48682403564453
-18.81661605834961 50.7752685546875 49.01444625854492
-9.542765617370605 44.9836311340332 47.63561248779297
-18.851625442504883 43.1667366027832 42.79210662841797
-28.620513916015625 41.912986755371094 41.421844482421875
-37.96064376831055 40.93108367919922 35.70766830444336
67.21588134765625 51.845027923583984 14.099666595458984
52.777896881103516 48.9462890625 31.414899826049805
44.73579788208008 50.419105529785156 36.32561492919922
37.329769134521484 47.877037048339844 37.4481315612793
27.826799392700195 48.259151458740234 45.26398468017578
37.971553802490234 55.544010162353516 45.77548599243164
49.369285583496094 58.46306610107422 39.247920989990234
54.64828872680664 54.9758415222168 32.08055114746094
-35.782527923583984 23.407745361328125 29.78671646118164
-23.620832443237305 26.68657875061035 40.08149337768555
-19.163875579833984 29.380233764648438 40.146297454833984
-14.978473663330078 29.825407028198242 38.51595687866211
-8.151652336120605 27.323219299316406 34.357757568359375
-15.050509452819824 23.791906356811523 35.28501510620117
-20.777549743652344 21.42881202697754 34.96734619140625
-25.398149490356445 21.082271575927734 34.655941009521484
51.9194221496582 26.2010440826416 28.61648178100586
44.847373962402344 24.69860076904297 31.609786987304688
38.02644729614258 25.788360595703125 32.900779724121094
32.51292037963867 27.662181854248047 32.57996368408203
25.175996780395508 29.994678497314453 32.09568786621094
32.10237121582031 33.25544738769531 35.09943771362305
37.053924560546875 31.495357513427734 37.01472473144531
44.393306732177734 26.412443161010742 33.90862274169922
-18.417695999145508 24.942182540893555 38.11268997192383
35.33040237426758 29.420330047607422 34.894779205322266
16.908432006835938 27.78530502319336 42.8970832824707
20.97579002380371 -0.16961631178855896 50.936279296875
29.52048683166504 -5.448924541473389 36.146812438964844
26.96164321899414 -13.483342170715332 38.089298248291016
22.31000328063965 -16.0281925201416 44.515960693359375
9.329704284667969 -24.223474502563477 46.46774673461914
-3.470146417617798 -15.844653129577637 44.008853912353516
-7.083774566650391 -15.233564376831055 36.388160705566406
-9.388766288757324 -7.203773021697998 36.77947235107422
-5.097338676452637 0.4930585026741028 47.97802734375
-0.19960074126720428 27.00189781188965 42.12007522583008
7.440087795257568 -17.08938217163086 64.9837875366211
-17.619848251342773 -34.151851654052734 19.648521423339844
-6.314453125 -32.77508544921875 34.145729064941406
2.9712941646575928 -32.251853942871094 40.72103500366211
9.947532653808594 -34.05793380737305 41.5084342956543
16.50031280517578 -32.138832092285156 41.83299255371094
25.720603942871094 -33.165103912353516 37.21222686767578
35.8548469543457 -35.483341217041016 23.31376075744629
24.354631423950195 -45.057594299316406 34.243316650390625
10.711813926696777 -47.108245849609375 37.247154235839844
-3.1293883323669434 -45.150936126708984 32.485897064208984
-0.8328944444656372 -37.161285400390625 34.0909309387207
9.892206192016602 -38.224124908447266 37.750831604003906
21.212331771850586 -37.36119842529297 36.32644271850586
-0.9190018773078918 -38.741127014160156 34.2148323059082
9.808090209960938 -39.71635055541992 37.23936080932617
21.055620193481445 -38.4388427734375 36.19744110107422
-62.19902801513672 -13.36119556427002 -22.48404884338379
-49.824012756347656 -47.89392852783203 -20.48404884338379
-37.56576919555664 -61.361202239990234 -19.48404884338379
-22.82400894165039 -71.3612060546875 -0.2838200032711029
-0.8908125758171082 -83.3612060546875 14.978911399841309
13.477265357971191 -85.3612060546875 17.51595687866211
33.82610321044922 -82.85160827636719 12.433659553527832
51.172943115234375 -65.52860260009766 -5.159541606903076
62.31306838989258 -52.900787353515625 -20.22077751159668
71.1760025024414 -42.527259826660156 -33.48405075073242
77.10283660888672 -21.768354415893555 -36.48405075073242
