-53.64351272583008 79.2057113647461 33.72117614746094
-46.63322830200195 87.2235107421875 44.578636169433594
-36.02268600463867 88.58331298828125 53.08686065673828
-24.57395362854004 87.858642578125 59.36314010620117
-15.568379402160645 81.22566986083984 58.27129364013672
-23.863262176513672 79.73333740234375 53.13455581665039
-35.575050354003906 80.03517150878906 51.71493911743164
-45.303794860839844 78.87869262695312 44.631710052490234
61.65594482421875 77.26470184326172 29.649892807006836
52.758235931396484 77.68345642089844 42.63410568237305
41.41538619995117 79.10096740722656 50.58292770385742
30.830947875976562 79.43489837646484 52.320552825927734
19.11659049987793 79.69469451904297 58.786556243896484
30.20206069946289 86.47538757324219 58.77104949951172
42.88077926635742 86.783203125 52.70402908325195
56.086143493652344 86.29493713378906 40.965972900390625
-42.95918655395508 60.95402908325195 41.74506378173828
-31.347272872924805 64.2209243774414 53.010032653808594
-25.977645874023438 66.39888000488281 53.06663131713867
-21.140426635742188 66.1541976928711 50.910213470458984
-14.56176471710205 62.78211975097656 46.74225997924805
-21.939353942871094 59.70056915283203 48.110836029052734
-27.734477996826172 57.99272155761719 48.05710983276367
-33.39204025268555 57.805702209472656 47.25770950317383
43.848873138427734 56.58015060424805 44.17478561401367
34.85340881347656 57.61567687988281 47.29086685180664
32.243648529052734 57.648773193359375 46.752723693847656
25.848987579345703 59.822853088378906 45.958160400390625
19.238279342651367 62.62880325317383 45.314544677734375
26.89728546142578 64.97409057617188 48.74872589111328
30.85846710205078 64.76655578613281 50.90533447265625
35.82046127319336 61.58009338378906 51.290550231933594
-26.178913116455078 59.97715759277344 50.06025314331055
31.03569221496582 60.378440856933594 48.609317779541016
10.200952529907227 62.13359451293945 57.48257064819336
13.156118392944336 35.98811721801758 65.05083465576172
21.51763343811035 27.26002311706543 51.36773681640625
18.414339065551758 20.080913543701172 54.123924255371094
13.687393188476562 18.471158981323242 60.526771545410156
0.20867541432380676 10.582392692565918 62.60932159423828
-11.055851936340332 18.953907012939453 60.06245040893555
-15.318229675292969 20.478763580322266 52.517940521240234
-18.752464294433594 27.757816314697266 49.519615173339844
-13.594771385192871 36.508731842041016 61.774600982666016
-6.520476341247559 62.59569549560547 55.76212692260742
-1.9584274291992188 20.31170654296875 81.07666015625
-27.3399715423584 0.8699896931648254 37.41221618652344
-16.123666763305664 2.5029456615448 51.68480682373047
-6.770524978637695 3.4411730766296387 58.03832244873047
0.22745899856090546 1.575007677078247 58.85012435913086
7.021295547485352 3.0809640884399414 58.856441497802734
16.659387588500977 1.8345013856887817 54.65955352783203
27.902257919311523 -1.1439769268035889 40.591697692871094
15.197863578796387 -10.01025104522705 52.94771957397461
0.7299800515174866 -11.034536361694336 55.88950729370117
-13.309598922729492 -8.741238594055176 50.96385955810547
-10.902777671813965 -1.9168297052383423 52.59735870361328
0.4675375521183014 -2.9190890789031982 56.45803451538086
12.189702033996582 -2.3344292640686035 54.82622528076172
-10.68435001373291 -3.1827914714813232 52.885494232177734
0.49002230167388916 -4.364347457885742 56.1467399597168
12.032519340515137 -3.393512010574341 54.834510803222656
-68.39468383789062 7.080912113189697 -18.390687942504883
-62.83443832397461 -11.442885398864746 -14.390687942504883
-51.026344299316406 -24.919092178344727 -4.390686988830566
-36.36957931518555 -34.14228439331055 18.038511276245117
-19.069643020629883 -46.91909408569336 34.609317779541016
0.41433700919151306 -48.91909408569336 38.824344635009766
25.41434097290039 -47.91909408569336 33.35060501098633
39.63569641113281 -36.878509521484375 12.02445125579834
52.8029899597168 -26.872529983520508 -8.534388542175293
66.41434478759766 -6.9190897941589355 -18.68986701965332
71.18016815185547 15.160799980163574 -18.390687942504883
