-53.96389389038086 70.847412109375 37.95513916015625
-47.45807647705078 79.96741485595703 49.068359375
-36.63367462158203 82.132080078125 56.9825439453125
-24.676755905151367 82.83309936523438 62.70481491088867
-14.633635520935059 76.99420166015625 60.93193054199219
-24.6009578704834 75.01396179199219 56.57758712768555
-35.64291763305664 73.54071807861328 55.261600494384766
-45.56035614013672 71.65545654296875 48.2167854309082
59.0982666015625 80.40003967285156 29.090015411376953
51.07632064819336 80.68917083740234 42.3778076171875
40.0372200012207 81.12298583984375 50.50363540649414
31.419462203979492 80.869873046875 52.60642623901367
19.582515716552734 79.35453796386719 59.509220123291016
30.48768424987793 87.41841888427734 59.07357406616211
42.09125518798828 88.665771484375 52.454532623291016
55.08872604370117 89.30844116210938 39.61612319946289
-41.102508544921875 54.4348030090332 45.08883285522461
-37.71672439575195 62.99713897705078 52.544517517089844
-24.929088592529297 61.5159912109375 56.140235900878906
-19.94496726989746 63.897682189941406 53.86165237426758
-13.030631065368652 58.65801239013672 48.768829345703125
-19.860837936401367 54.7056999206543 50.12843704223633
-24.95267105102539 52.53273010253906 50.36623764038086
-31.270795822143555 51.69704055786133 49.45720291137695
45.679473876953125 58.81019592285156 41.73152160644531
38.86074447631836 58.39202117919922 44.88786315917969
32.86220932006836 59.187442779541016 45.689308166503906
27.536155700683594 60.958194732666016 45.44047927856445
19.93869400024414 62.69871520996094 45.497039794921875
27.15773582458496 66.03423309326172 48.0008659362793
31.313987731933594 65.94032287597656 49.97480773925781
39.47688293457031 61.06745910644531 49.01567459106445
-23.62897491455078 56.32737350463867 54.01179122924805
31.565940856933594 61.599273681640625 47.617366790771484
12.557611465454102 60.966426849365234 57.936363220214844
18.977886199951172 34.42664337158203 63.94892883300781
26.678579330444336 27.03643035888672 50.57954406738281
24.54259490966797 18.978731155395508 53.091087341308594
20.141263961791992 17.4392147064209 60.366233825683594
8.729567527770996 8.128705024719238 62.880313873291016
-3.3308894634246826 15.337692260742188 61.30327224731445
-7.089571475982666 15.018624305725098 53.509002685546875
-10.803727149963379 23.22882652282715 52.09154510498047
-7.111380100250244 32.46516036987305 63.2299919128418
-4.169023513793945 59.70168685913086 56.71640396118164
5.440805912017822 17.634872436523438 80.78659057617188
-15.747598648071289 -7.635660171508789 41.20197677612305
-5.726668357849121 -3.4497907161712646 53.36104202270508
3.1360225677490234 -0.8426563143730164 58.75132751464844
9.714598655700684 -2.052551507949829 59.02208709716797
15.873783111572266 0.24604402482509613 58.6263313293457
24.767044067382812 -0.602303683757782 54.02836990356445
34.57866287231445 -3.086066246032715 40.393150329589844
24.774316787719727 -12.321072578430176 51.0350341796875
11.948288917541504 -15.254545211791992 54.430931091308594
-1.9873077869415283 -14.48816204071045 51.0217399597168
-0.48850178718566895 -6.863976001739502 53.001243591308594
10.16547966003418 -6.918001174926758 55.94740295410156
20.85892677307129 -5.1003241539001465 53.633052825927734
-0.21088239550590515 -8.287073135375977 52.93931198120117
10.268549919128418 -8.114729881286621 55.365509033203125
20.918550491333008 -6.232485771179199 53.51355743408203
-62.27865219116211 1.20011568069458 -2.6337499618530273
-55.583499908447266 -13.189787864685059 0.36625000834465027
-39.75634002685547 -28.568567276000977 9.366247177124023
-25.7563419342041 -39.45209503173828 18.36624526977539
-8.083449363708496 -49.18977737426758 32.366241455078125
13.243648529052734 -49.732177734375 36.54484176635742
34.01585006713867 -47.178165435791016 32.67174530029297
49.88266372680664 -32.7796630859375 13.43895435333252
60.982540130615234 -16.49022102355957 -2.7241640090942383
67.65382385253906 -10.189788818359375 -19.633745193481445
72.10144805908203 6.270567893981934 -23.633745193481445
