-49.67473220825195 52.20392990112305 6.112053394317627
-42.27821350097656 62.84404373168945 11.911791801452637
-30.976247787475586 65.95171356201172 18.86333656311035
-17.8018798828125 66.28872680664062 24.010557174682617
-8.852231979370117 59.47891616821289 24.12464141845703
-19.019887924194336 57.16683578491211 21.668752670288086
-31.069631576538086 57.19257354736328 20.31711196899414
-41.64774703979492 54.569393157958984 15.102782249450684
65.16047668457031 56.16525650024414 -7.215847969055176
57.55575942993164 57.84043502807617 5.571863651275635
47.22079086303711 60.25893783569336 13.307387351989746
34.600196838378906 59.26374053955078 15.975225448608398
24.396873474121094 60.12578582763672 20.46575164794922
33.63877487182617 68.22271728515625 19.273035049438477
47.55359649658203 70.1470947265625 11.426268577575684
58.49747085571289 66.20345306396484 2.103510856628418
-36.807472229003906 38.09133529663086 13.277993202209473
-28.964229583740234 41.09130859375 19.197345733642578
-24.67865562438965 45.035850524902344 20.091032028198242
-16.769567489624023 43.54671096801758 18.344749450683594
-9.729843139648438 40.93607711791992 14.230162620544434
-17.29741859436035 38.03518295288086 17.054258346557617
-22.764984130859375 36.808773040771484 18.00265884399414
-29.015172958374023 36.05469512939453 16.965864181518555
50.36983871459961 39.380943298339844 8.51718521118164
44.05447006225586 38.036407470703125 11.674975395202637
37.77113723754883 38.47787857055664 13.070639610290527
32.054443359375 39.61372756958008 12.698244094848633
23.31578826904297 41.85758972167969 11.719825744628906
31.941509246826172 44.971954345703125 14.210824012756348
38.009517669677734 45.712989807128906 15.75447940826416
45.23689270019531 41.75818634033203 13.691971778869629
-21.978639602661133 38.73063659667969 19.40559196472168
37.147865295410156 40.47142028808594 14.09892749786377
16.99418830871582 44.164608001708984 21.914955139160156
23.882003784179688 26.223134994506836 35.82811737060547
30.643178939819336 15.121200561523438 27.372102737426758
27.0651912689209 7.1453142166137695 32.34741973876953
21.220529556274414 10.915506362915039 44.09175491333008
10.322352409362793 4.851649761199951 45.18018341064453
-0.4710034430027008 9.209656715393066 40.85443115234375
-7.50079345703125 6.008972644805908 33.81913757324219
-11.5392484664917 13.11259937286377 30.701597213745117
-4.744906902313232 24.370508193969727 36.456050872802734
-0.42566341161727905 42.829193115234375 21.5499324798584
11.007773399353027 22.087249755859375 57.426513671875
-19.16398811340332 -18.389326095581055 26.308116912841797
-6.955033302307129 -11.924169540405273 41.00972366333008
3.5555789470672607 -7.781341075897217 45.20041275024414
10.496419906616211 -9.118183135986328 46.28114318847656
17.188791275024414 -7.571826934814453 44.68438720703125
26.768108367919922 -10.697060585021973 40.372169494628906
36.406551361083984 -16.973220825195312 26.18939781188965
25.314664840698242 -23.34619140625 41.99583435058594
11.048958778381348 -24.475866317749023 46.67312240600586
-3.533029317855835 -23.779569625854492 42.310081481933594
-2.421553134918213 -16.469398498535156 40.53123092651367
10.109312057495117 -16.007265090942383 43.51812744140625
22.087604522705078 -15.761361122131348 40.4652214050293
-2.209132671356201 -17.637542724609375 40.6064453125
10.152488708496094 -17.32303237915039 43.181339263916016
21.642934799194336 -16.733356475830078 40.577247619628906
-63.881744384765625 -26.462894439697266 -32.300987243652344
-49.865577697753906 -46.37794494628906 -8.939212799072266
-39.58360290527344 -52.83423614501953 4.124724864959717
-23.83432388305664 -58.04706954956055 23.271894454956055
-5.06064510345459 -64.8695297241211 38.52680587768555
12.943330764770508 -67.3074722290039 42.458919525146484
34.13544845581055 -65.33391571044922 34.50437545776367
51.05342102050781 -58.15703201293945 13.888145446777344
63.50619125366211 -48.830440521240234 -8.13447093963623
69.88198852539062 -39.528560638427734 -17.75676918029785
75.18419647216797 -25.13431167602539 -27.846529006958008
