-51.58580780029297 44.6223030090332 13.84224796295166
-42.11204147338867 52.88826370239258 18.645681381225586
-29.63446044921875 54.41590118408203 23.272953033447266
-16.4450626373291 53.366825103759766 25.624652862548828
-8.08639144897461 46.000492095947266 23.559947967529297
-18.157197952270508 44.1177978515625 22.889141082763672
-29.89480209350586 45.62614440917969 24.509349822998047
-41.58924102783203 44.616634368896484 21.718448638916016
57.292545318603516 37.13116455078125 -19.840845108032227
52.275909423828125 39.89649200439453 -7.03555154800415
44.12272262573242 42.96278381347656 2.308494806289673
32.827720642089844 42.651893615722656 7.051205635070801
23.761781692504883 44.40235900878906 13.563454627990723
33.08881378173828 51.7313346862793 10.360736846923828
44.9000244140625 51.751953125 0.5482113361358643
53.23541259765625 47.834598541259766 -10.805541038513184
-38.138832092285156 25.732433319091797 18.36819839477539
-30.126758575439453 29.340511322021484 22.393369674682617
-24.14427375793457 31.44269371032715 22.41794204711914
-18.10298728942871 30.452688217163086 19.447118759155273
-12.39860725402832 27.321447372436523 13.52131175994873
-19.5119686126709 25.13104248046875 18.10761070251465
-24.800945281982422 24.093856811523438 20.063133239746094
-31.623559951782227 23.498241424560547 19.756710052490234
44.773197174072266 21.763031005859375 -3.826777696609497
39.526268005371094 20.574462890625 0.4449536204338074
33.88778305053711 21.380544662475586 3.140108585357666
27.92484474182129 23.565671920776367 4.120045185089111
19.56593132019043 25.91178321838379 4.567887783050537
28.397043228149414 29.607595443725586 5.483954906463623
31.98372459411621 32.14243698120117 5.701340198516846
41.21162796020508 25.989187240600586 2.402066707611084
-23.348051071166992 25.77022361755371 21.348485946655273
32.93920135498047 23.71800422668457 4.9121174812316895
15.385638236999512 28.20191192626953 15.939931869506836
23.659059524536133 8.769097328186035 28.796602249145508
25.932126998901367 -3.02238130569458 19.544755935668945
23.25848388671875 -10.685046195983887 25.90941047668457
21.625215530395508 -4.55854606628418 39.044464111328125
10.978967666625977 -10.354310035705566 42.07722854614258
3.028524398803711 -4.091830253601074 42.37449264526367
-7.247346878051758 -9.894651412963867 33.902687072753906
-12.260212898254395 -2.6464333534240723 30.284828186035156
-3.6707260608673096 9.959857940673828 36.58753204345703
-1.7349661588668823 28.657747268676758 19.3022403717041
15.064248085021973 7.418832778930664 52.777252197265625
-19.830039978027344 -35.76321792602539 34.5313606262207
-6.555531978607178 -27.923917770385742 43.075660705566406
4.488128662109375 -22.840559005737305 45.37675094604492
11.348726272583008 -24.69708251953125 45.59722137451172
17.395172119140625 -23.68112564086914 42.07470703125
24.850006103515625 -28.69513511657715 35.374759674072266
30.14716911315918 -37.277801513671875 20.742006301879883
22.789358139038086 -43.20753860473633 37.51786422729492
10.405633926391602 -43.23855972290039 44.647544860839844
-4.77200174331665 -41.72227096557617 43.79762268066406
-3.9081976413726807 -32.56808090209961 41.25212860107422
9.416597366333008 -33.11368179321289 41.681427001953125
19.480863571166992 -33.53163528442383 36.27671813964844
-3.6811611652374268 -33.6656494140625 41.46385955810547
9.266599655151367 -34.513099670410156 41.2313117980957
19.698787689208984 -34.70531463623047 36.36225891113281
-80.5423355102539 -35.061370849609375 -22.698963165283203
-69.87265014648438 -52.51309585571289 -8.258269309997559
-49.821983337402344 -66.82928466796875 11.309099197387695
-32.721195220947266 -71.98143768310547 27.053909301757812
-11.976095199584961 -77.70763397216797 38.22835922241211
13.530250549316406 -81.10739135742188 37.05412292480469
27.045841217041016 -80.97599792480469 24.866392135620117
39.28498077392578 -74.50788116455078 3.2759652137756348
46.315792083740234 -67.96000671386719 -17.936992645263672
50.90067672729492 -61.296844482421875 -37.0841178894043
57.58903884887695 -31.315277099609375 -60.27727508544922
