-41.71620559692383 51.74528121948242 31.36001968383789
-32.595420837402344 60.77901840209961 37.16138458251953
-20.61238670349121 63.7927131652832 40.91566848754883
-9.195426940917969 64.07013702392578 41.68349838256836
-0.25014013051986694 58.22223663330078 39.25941467285156
-9.852039337158203 56.82762908935547 38.820960998535156
-19.799957275390625 56.39863967895508 40.55694580078125
-30.865421295166016 53.420169830322266 38.376075744628906
58.46077346801758 55.81327819824219 -0.7899017930030823
54.78144454956055 56.49648666381836 8.602095603942871
47.517032623291016 58.46733093261719 17.151165008544922
38.10960006713867 57.81193542480469 21.754241943359375
30.301916122436523 58.44640350341797 29.027034759521484
36.90354537963867 67.02867126464844 26.766006469726562
47.71369552612305 66.87882232666016 16.68712615966797
55.080421447753906 63.628318786621094 6.31342077255249
-26.87251853942871 37.61116409301758 35.774864196777344
-18.403722763061523 40.75725555419922 39.19956970214844
-12.199854850769043 43.041080474853516 38.269893646240234
-7.5917181968688965 43.35972213745117 34.665863037109375
-1.5956791639328003 40.5781364440918 29.85796356201172
-8.598236083984375 38.27357864379883 33.27288055419922
-13.33383846282959 36.70361328125 35.41969299316406
-18.906604766845703 36.53989791870117 36.71180725097656
50.133323669433594 39.67282485961914 9.61363410949707
45.08732604980469 38.0971565246582 13.24330997467041
40.13218688964844 38.18037414550781 15.572159767150879
34.9896125793457 39.415321350097656 17.28582191467285
27.05678367614746 40.91767120361328 20.27493667602539
34.5402717590332 45.44109344482422 18.882057189941406
41.032859802246094 45.736053466796875 18.703046798706055
46.29875183105469 42.34422302246094 15.81480884552002
-12.548290252685547 39.02939224243164 36.409114837646484
37.37567901611328 43.28557205200195 18.710432052612305
24.86252784729004 42.87427520751953 34.216426849365234
34.62208938598633 23.282081604003906 47.4015998840332
37.002464294433594 13.352010726928711 36.48711013793945
35.23863220214844 5.076093673706055 40.75872802734375
34.97896957397461 10.261907577514648 55.62833786010742
25.499536514282227 3.503908395767212 55.55897521972656
17.527746200561523 7.010785102844238 57.04104232788086
9.294013023376465 3.78737735748291 48.79994583129883
4.5520243644714355 9.598438262939453 46.39384078979492
11.676563262939453 21.2413272857666 53.89276123046875
9.721826553344727 41.906517028808594 37.48569107055664
29.25362777709961 17.85243034362793 69.041748046875
-4.120009899139404 -20.79066276550293 47.28531265258789
9.168837547302246 -14.4722900390625 53.836822509765625
19.284950256347656 -10.657251358032227 55.82689666748047
25.61090087890625 -11.86172103881836 54.27471923828125
31.693761825561523 -10.026263236999512 52.05094909667969
38.612083435058594 -12.654144287109375 45.363609313964844
44.699954986572266 -17.69025230407715 32.55143737792969
38.32752990722656 -20.56733512878418 49.39419937133789
27.286739349365234 -22.153270721435547 56.566650390625
11.897794723510742 -22.53211212158203 57.19845199584961
13.967727661132812 -16.357004165649414 53.51776123046875
25.134422302246094 -15.595898628234863 53.8283805847168
34.46037292480469 -15.089211463928223 47.76912307739258
14.449728012084961 -17.353565216064453 54.05303192138672
25.24555778503418 -16.58218765258789 53.846885681152344
34.25252914428711 -15.939210891723633 48.24861526489258
-66.8837661743164 -17.639209747314453 -23.841920852661133
-48.46929168701172 -45.689205169677734 3.17084002494812
-32.49778366088867 -50.29555892944336 22.84699821472168
-14.513586044311523 -59.438629150390625 32.79391860961914
10.154657363891602 -67.13643646240234 42.636478424072266
27.007244110107422 -65.93125915527344 44.82453536987305
40.8270149230957 -63.56001663208008 33.111629486083984
48.073333740234375 -55.48949432373047 3.353461980819702
48.089725494384766 -52.214759826660156 -13.367216110229492
50.3255500793457 -42.289207458496094 -36.779151916503906
47.73883819580078 -12.53921127319336 -64.51041412353516
