-27.700754165649414 61.85435104370117 35.70616912841797
-15.142888069152832 70.83198547363281 38.31135940551758
-2.477538824081421 72.0130844116211 38.704776763916016
8.14278793334961 70.46849060058594 36.92245101928711
15.41083812713623 63.36076736450195 33.32283020019531
6.3927154541015625 63.008792877197266 35.23439407348633
-2.4615142345428467 64.41888427734375 39.23770523071289
-13.39382266998291 63.179847717285156 40.372215270996094
61.73712158203125 50.822269439697266 -22.380098342895508
60.768333435058594 50.76094436645508 -9.426383018493652
57.01609802246094 54.22825622558594 -0.6961106061935425
48.80065155029297 55.72568130493164 6.94484806060791
42.76150131225586 57.48759078979492 15.027246475219727
51.06825637817383 63.39739990234375 8.50528621673584
57.32965850830078 63.081356048583984 -1.498274326324463
61.45523452758789 58.59390640258789 -13.466922760009766
-12.594501495361328 47.587669372558594 39.32881546020508
-3.934368371963501 50.75311279296875 39.740394592285156
-0.32064712047576904 51.75346755981445 38.347904205322266
5.366398811340332 49.220184326171875 33.35556411743164
10.016491889953613 45.36772918701172 27.26585578918457
3.9767537117004395 44.54926681518555 32.73929977416992
-0.8620687127113342 43.99885940551758 36.425724029541016
-5.21838903427124 45.17906188964844 38.52301788330078
54.97737121582031 35.740203857421875 -4.071507453918457
51.03321838378906 35.61362838745117 0.33004114031791687
46.87133026123047 36.51102828979492 3.575237512588501
42.56386184692383 38.09275436401367 6.2040228843688965
35.481483459472656 40.75627517700195 10.670952796936035
39.45528793334961 45.2015495300293 7.538971900939941
44.3695068359375 46.047630310058594 6.3180742263793945
46.9064826965332 43.80775833129883 5.663264751434326
1.7321157455444336 46.781742095947266 35.99834060668945
44.12369918823242 42.224037170410156 6.468813419342041
36.974884033203125 44.18766784667969 24.188968658447266
47.69864273071289 25.829294204711914 37.429649353027344
47.45443344116211 16.501325607299805 27.51174545288086
45.62042236328125 7.587002277374268 31.696739196777344
48.389060974121094 11.97255802154541 44.751739501953125
38.47401428222656 7.571299076080322 49.23438262939453
27.027971267700195 12.2385835647583 49.61052703857422
20.06582260131836 11.370550155639648 46.14034652709961
15.136082649230957 18.313650131225586 44.42776107788086
25.673269271850586 27.677797317504883 47.351192474365234
22.186376571655273 45.38640594482422 30.219934463500977
46.558197021484375 22.24358558654785 59.795372009277344
1.5793366432189941 -6.797887325286865 48.241825103759766
18.724721908569336 -4.02017879486084 50.753108978271484
29.243568420410156 -2.6263623237609863 49.386512756347656
34.41466522216797 -4.724727153778076 46.55262756347656
39.62238311767578 -3.181131601333618 43.4271240234375
44.9011116027832 -6.581264972686768 37.219970703125
48.867713928222656 -13.397721290588379 23.811195373535156
45.79762268066406 -15.641817092895508 41.7956428527832
36.87104034423828 -14.313802719116211 50.48320388793945
21.679616928100586 -12.371789932250977 55.142269134521484
23.581241607666016 -6.88934326171875 50.12198257446289
34.42796325683594 -8.14364242553711 47.31684112548828
42.177032470703125 -9.581157684326172 40.67479705810547
24.89936637878418 -7.138021945953369 50.061187744140625
34.67892074584961 -9.334181785583496 47.77701187133789
42.394046783447266 -10.660852432250977 41.26213455200195
-63.11241912841797 -30.61235809326172 2.9895570278167725
-51.93451690673828 -40.90541076660156 10.998952865600586
-30.25367546081543 -48.17893981933594 31.817058563232422
-7.962377071380615 -58.49179458618164 36.752784729003906
14.02876091003418 -61.914669036865234 47.52647018432617
28.779489517211914 -62.10057830810547 48.74760437011719
41.42462158203125 -62.484378814697266 34.64745330810547
43.004608154296875 -58.98063659667969 9.034507751464844
36.87797927856445 -59.04840087890625 -7.945859432220459
29.941442489624023 -51.26625442504883 -41.852630615234375
25.565332412719727 -44.13889694213867 -56.52354049682617
