-49.70236587524414 49.36121368408203 -42.638221740722656
-51.04969024658203 59.944400787353516 -31.329336166381836
-49.65498352050781 63.23196029663086 -17.339082717895508
-46.3981819152832 65.05706787109375 -2.652998924255371
-40.6872673034668 58.102081298828125 5.291008472442627
-44.067840576171875 57.35636901855469 -4.7298383712768555
-49.28635025024414 56.622432708740234 -16.963191986083984
-51.997440338134766 52.39376449584961 -28.77988624572754
35.065040588378906 57.518795013427734 38.52631378173828
22.271656036376953 59.30715560913086 41.87987518310547
9.310876846313477 62.2523078918457 39.05671691894531
-3.204390287399292 61.00914001464844 33.338375091552734
-13.583086967468262 61.346710205078125 30.813962936401367
-6.741060256958008 69.2868423461914 35.91779327392578
9.018192291259766 70.31288146972656 38.61435317993164
24.89354133605957 67.84541320800781 38.884613037109375
-47.560306549072266 35.757347106933594 -27.742034912109375
-46.96497344970703 40.3768310546875 -17.746137619018555
-43.545875549316406 42.79267883300781 -11.912214279174805
-38.34013366699219 43.01686477661133 -8.03552532196045
-31.256044387817383 39.49251937866211 -3.5991642475128174
-38.408294677734375 37.194026947021484 -8.03436279296875
-42.61779022216797 35.10408401489258 -12.111440658569336
-46.043792724609375 34.64221954345703 -18.600488662719727
18.08656883239746 41.244930267333984 38.61484909057617
11.419449806213379 34.78985595703125 35.31450653076172
4.998047828674316 37.73743438720703 33.937774658203125
0.4103417694568634 39.72811508178711 29.841211318969727
-5.3379011154174805 42.541969299316406 22.76891326904297
0.1257532238960266 45.231746673583984 29.105817794799805
2.9617886543273926 44.650028228759766 33.50933074951172
9.726007461547852 43.2572021484375 37.61140441894531
-42.84984588623047 38.443912506103516 -11.985286712646484
3.6844358444213867 42.16847610473633 33.35776901245117
-18.526531219482422 44.147796630859375 24.133852005004883
-25.095722198486328 22.168058395385742 37.18624496459961
-13.777301788330078 14.179949760437012 36.04511260986328
-16.095191955566406 5.77289342880249 35.33268356323242
-28.18404197692871 7.336331367492676 38.65448760986328
-33.48512649536133 2.8346593379974365 32.447723388671875
-39.81496047973633 4.856415748596191 24.306982040405273
-38.3654670715332 3.191786766052246 14.295462608337402
-39.19343948364258 9.785773277282715 11.042749404907227
-41.845882415771484 20.368074417114258 20.44586944580078
-33.46760177612305 42.48149871826172 11.113595008850098
-46.69133758544922 15.25687313079834 45.35697555541992
-37.42771530151367 -22.409982681274414 -0.3808342218399048
-38.92291259765625 -15.977371215820312 18.78172492980957
-34.88167190551758 -12.97917652130127 26.519412994384766
-30.095712661743164 -13.910996437072754 31.342016220092773
-24.881086349487305 -11.647594451904297 35.43270492553711
-16.353816986083984 -13.029699325561523 39.222171783447266
2.1851611137390137 -17.465282440185547 37.09109878540039
-18.63825798034668 -21.997766494750977 39.32282257080078
-30.356958389282227 -23.923213958740234 32.831268310546875
-37.834014892578125 -24.84772300720215 21.32772445678711
-36.38127899169922 -18.60887336730957 22.390926361083984
-29.37535858154297 -17.79271125793457 31.0426082611084
-19.683610916137695 -16.808025360107422 37.17347717285156
-36.168704986572266 -19.879573822021484 22.497848510742188
-29.435014724731445 -19.037914276123047 31.323923110961914
-19.945018768310547 -17.718231201171875 37.223934173583984
-6.421680450439453 -41.57036590576172 -79.59764862060547
-7.985124111175537 -60.79180145263672 -60.91259002685547
-17.445690155029297 -64.4810791015625 -37.5513916015625
-27.860870361328125 -70.53905487060547 -8.032814979553223
-29.661787033081055 -74.56523895263672 15.456331253051758
-21.34957504272461 -72.91763305664062 31.256195068359375
-1.2717671394348145 -70.46570587158203 36.85182571411133
23.247209548950195 -60.65204620361328 33.06221008300781
55.109405517578125 -54.047935485839844 19.184389114379883
58.31488800048828 -53.5931396484375 17.65584373474121
77.934326171875 -36.19534683227539 12.786811828613281
