-42.05587387084961 41.236995697021484 -37.46615219116211
-42.478843688964844 50.43696975708008 -26.52484130859375
-40.70842742919922 53.02943420410156 -15.862615585327148
-36.76542663574219 55.580936431884766 -5.897799491882324
-31.39267349243164 48.77014923095703 2.044853925704956
-35.188018798828125 46.42230987548828 -7.395941257476807
-40.3523063659668 46.550662994384766 -16.5369930267334
-42.50120544433594 43.25740432739258 -26.666433334350586
37.782020568847656 42.448726654052734 37.95848846435547
24.781713485717773 44.50444030761719 38.9836311340332
13.008136749267578 47.728782653808594 36.130393981933594
2.8515048027038574 47.2557373046875 30.511608123779297
-7.268555641174316 48.63207244873047 26.925827026367188
0.0030185761861503124 53.909706115722656 32.371150970458984
12.113411903381348 54.1632194519043 37.10975646972656
25.250200271606445 51.83237075805664 39.58140563964844
-39.43130111694336 28.290069580078125 -23.372528076171875
-37.09834289550781 33.649017333984375 -14.13912296295166
-33.63139343261719 35.84223556518555 -9.750502586364746
-29.238435745239258 34.30377960205078 -7.117434501647949
-22.883760452270508 28.970449447631836 -2.073383331298828
-29.220062255859375 27.804811477661133 -8.734452247619629
-33.107398986816406 26.85768699645996 -11.222237586975098
-36.26079559326172 25.34716033935547 -16.275196075439453
18.544206619262695 28.032974243164062 35.77316665649414
12.51176929473877 26.923250198364258 33.202884674072266
8.232166290283203 26.79214859008789 29.461008071899414
4.466675758361816 27.419191360473633 25.355422973632812
-1.4700610637664795 29.98485565185547 20.211549758911133
4.8751220703125 34.09423828125 26.07278060913086
7.603442668914795 33.6048469543457 30.618989944458008
11.320850372314453 31.030912399291992 34.39252471923828
-33.369117736816406 31.011600494384766 -10.095556259155273
7.754885196685791 30.517515182495117 29.922016143798828
-15.306344032287598 32.294403076171875 23.382848739624023
-24.398643493652344 9.99950122833252 35.42294692993164
-13.048548698425293 -1.6839107275009155 31.904979705810547
-17.303316116333008 -8.262999534606934 31.124685287475586
-32.71290588378906 -0.12222690880298615 39.415733337402344
-36.25584411621094 -9.308954238891602 31.246902465820312
-45.692665100097656 0.07403048127889633 28.115589141845703
-36.6115608215332 -8.7840576171875 13.334190368652344
-36.03373718261719 -3.0659964084625244 8.259855270385742
-39.72935104370117 9.710643768310547 20.027685165405273
-25.964082717895508 31.8552303314209 11.458901405334473
-47.611083984375 9.115540504455566 40.98173141479492
-40.01235580444336 -37.79296112060547 2.5351788997650146
-39.7426643371582 -28.718761444091797 16.129749298095703
-37.96755599975586 -24.24957275390625 24.462318420410156
-34.587947845458984 -25.53677749633789 29.05323600769043
-29.650604248046875 -24.053028106689453 33.175025939941406
-20.51405143737793 -27.65586280822754 36.22396469116211
-7.447752952575684 -34.23834228515625 37.0441780090332
-23.01262092590332 -38.58279037475586 37.20894241333008
-33.88593292236328 -39.51335525512695 29.870302200317383
-40.23155212402344 -39.76716995239258 19.41454315185547
-37.39295959472656 -32.03371047973633 18.95708465576172
-32.541351318359375 -30.712169647216797 28.10381507873535
-24.066757202148438 -30.732450485229492 34.06007766723633
-37.74642562866211 -33.369075775146484 19.445941925048828
-32.157440185546875 -32.72193908691406 27.74544906616211
-24.367839813232422 -31.946142196655273 34.18052673339844
-25.292667388916016 -44.20647430419922 -65.2363052368164
-11.692668914794922 -66.90428161621094 -68.86481475830078
-19.52794075012207 -74.99686431884766 -45.208412170410156
-25.81305503845215 -79.59585571289062 -19.725019454956055
-29.76688575744629 -80.78346252441406 6.645799160003662
-22.897502899169922 -79.57835388183594 22.70068359375
-7.075180530548096 -78.3799819946289 29.957534790039062
26.392810821533203 -75.71443176269531 25.165863037109375
53.870975494384766 -70.46556091308594 15.285177230834961
63.8131103515625 -53.510032653808594 20.75161361694336
76.70732116699219 -42.81278991699219 15.214070320129395
