-47.6666374206543 48.86049270629883 25.575702667236328
-39.461326599121094 56.74290084838867 36.0401725769043
-27.614784240722656 58.67420959472656 42.77603530883789
-15.214118957519531 57.98664474487305 46.40547180175781
-5.653363227844238 51.19325637817383 43.80257034301758
-15.915205001831055 49.70621109008789 41.14328384399414
-28.041549682617188 50.41552734375 41.528587341308594
-37.91594696044922 49.222713470458984 36.181556701660156
61.98451232910156 52.9714241027832 8.263968467712402
56.557945251464844 51.83782196044922 17.627973556518555
47.42280578613281 52.58551788330078 27.365358352661133
34.927894592285156 51.45461654663086 31.53026580810547
25.03053092956543 50.78169631958008 37.97705841064453
35.240272521972656 57.8328857421875 37.63930130004883
48.74894332885742 60.22329330444336 29.448955535888672
58.316951751708984 60.034217834472656 17.8328857421875
-35.221561431884766 35.45183181762695 29.491947174072266
-26.96227264404297 37.45101547241211 35.85693359375
-19.989871978759766 38.74369812011719 36.925445556640625
-13.468632698059082 38.48524856567383 33.729312896728516
-7.715484142303467 35.59325408935547 30.072368621826172
-14.826774597167969 32.65951156616211 31.794811248779297
-20.274614334106445 30.797819137573242 32.61244201660156
-26.665096282958984 30.88050079345703 32.415916442871094
49.16733932495117 35.71611404418945 16.502174377441406
43.70949935913086 33.731689453125 19.862442016601562
38.04604721069336 33.797672271728516 21.9971866607666
32.44246292114258 34.57499313354492 22.052095413208008
23.5789852142334 36.319644927978516 24.655803680419922
32.6182861328125 39.981361389160156 24.36350440979004
38.275238037109375 40.56642150878906 25.980140686035156
44.46660614013672 37.527034759521484 23.510852813720703
-19.14898109436035 34.04444885253906 35.34606170654297
37.126373291015625 36.20979309082031 24.1632022857666
18.67841911315918 34.80449295043945 36.45918655395508
24.985681533813477 8.692160606384277 43.52363586425781
27.9163875579834 0.6781540513038635 31.562541961669922
26.58016586303711 -8.914247512817383 33.35834503173828
21.884449005126953 -6.090521812438965 46.02853775024414
12.000309944152832 -11.164624214172363 44.17534255981445
1.8420400619506836 -6.629589080810547 47.26996612548828
-4.5189290046691895 -8.929409980773926 36.6901741027832
-8.983476638793945 -0.6458741426467896 33.57025146484375
-0.7090153098106384 8.399406433105469 45.48313522338867
1.26878023147583 33.997535705566406 37.50416564941406
13.69963264465332 -2.036410331726074 64.7739028930664
-15.509472846984863 -32.71980667114258 25.43528938293457
-3.3370134830474854 -29.67496109008789 36.270286560058594
5.405923366546631 -26.768075942993164 41.480812072753906
11.556798934936523 -28.531312942504883 41.311214447021484
17.603971481323242 -26.62411117553711 40.36295700073242
24.612483978271484 -28.73874282836914 33.30870819091797
32.602752685546875 -30.193485260009766 17.79420280456543
21.809263229370117 -38.04158020019531 29.288803100585938
10.561365127563477 -39.37560272216797 33.74613571166992
-2.5371994972229004 -38.10129165649414 31.874000549316406
0.3916807174682617 -31.805883407592773 33.47532272338867
10.523837089538574 -32.87333297729492 35.68739318847656
19.94199562072754 -31.57778549194336 31.412450790405273
0.428269624710083 -32.80644989013672 33.143463134765625
10.37600326538086 -33.553993225097656 34.708438873291016
19.638750076293945 -32.50820541381836 30.79841423034668
-65.5154800415039 -4.514492988586426 -37.087554931640625
-56.38658142089844 -30.461727142333984 -37.71480178833008
-39.39045333862305 -50.79104232788086 -23.013599395751953
-29.402029037475586 -58.04467010498047 -7.435405731201172
-9.273457527160645 -71.76710510253906 6.260664939880371
7.798223495483398 -73.40950775146484 9.35081672668457
25.192218780517578 -69.66751098632812 0.6371731758117676
37.77554702758789 -57.496883392333984 -15.001965522766113
47.03329849243164 -47.097110748291016 -33.754356384277344
51.345584869384766 -35.27687072753906 -51.085105895996094
52.63451385498047 -13.945528984069824 -66.83755493164062
