-41.43372344970703 32.79383850097656 -37.6467170715332
-41.532596588134766 41.909488677978516 -29.148263931274414
-39.99150085449219 46.51613998413086 -19.388286590576172
-36.568931579589844 48.972042083740234 -7.624065399169922
-30.747344970703125 42.927757263183594 0.08290423452854156
-34.52340316772461 39.85765075683594 -9.212929725646973
-40.337867736816406 38.01667404174805 -18.692363739013672
-42.75179672241211 34.922691345214844 -27.593257904052734
36.50603103637695 38.17512130737305 39.59309005737305
23.673572540283203 41.244510650634766 41.465885162353516
12.985278129577637 45.03974533081055 37.95908737182617
3.5655534267425537 44.7061882019043 31.26471710205078
-7.087222576141357 45.47126770019531 25.787334442138672
1.0848255157470703 52.67124557495117 32.58171463012695
15.095741271972656 53.530059814453125 36.90919876098633
28.10466957092285 48.44267654418945 39.089168548583984
-39.96829605102539 19.565805435180664 -24.565061569213867
-40.653892517089844 25.06003189086914 -16.316587448120117
-32.468502044677734 29.32461929321289 -7.700186729431152
-31.555513381958008 27.48015022277832 -6.546376705169678
-25.02031898498535 23.38306427001953 -2.1894335746765137
-31.189226150512695 19.962631225585938 -5.410500526428223
-36.47211456298828 17.955368041992188 -9.08604621887207
-40.008087158203125 17.353731155395508 -15.584356307983398
17.170387268066406 24.197587966918945 40.26648712158203
10.44178581237793 22.183433532714844 38.5035285949707
5.73984956741333 22.409456253051758 34.27857971191406
2.5161550045013428 24.149982452392578 29.947675704956055
-1.8606232404708862 26.4789981842041 22.32642364501953
2.165163516998291 29.73180389404297 30.518152236938477
4.92861795425415 30.498971939086914 35.25266647338867
9.331416130065918 28.613271713256836 38.30961990356445
-37.043724060058594 23.4193172454834 -9.087395668029785
4.906838417053223 26.857568740844727 35.29670715332031
-12.76504135131836 27.85888671875 21.54425811767578
-20.311193466186523 6.7626566886901855 37.09928894042969
-11.455618858337402 -4.294009685516357 35.63493728637695
-13.984415054321289 -12.581506729125977 34.54972457885742
-25.787506103515625 -6.980102062225342 38.250335693359375
-30.55325698852539 -11.88515567779541 32.30758285522461
-36.38545608520508 -9.264460563659668 25.202083587646484
-33.34603500366211 -12.65088176727295 16.780101776123047
-33.32374954223633 -7.535064220428467 12.127638816833496
-36.755332946777344 4.961571216583252 19.061399459838867
-24.328720092773438 25.773784637451172 9.048747062683105
-40.96589279174805 4.171928882598877 40.844154357910156
-36.33936309814453 -43.536659240722656 7.599557876586914
-38.5623893737793 -32.66520309448242 21.526248931884766
-36.263851165771484 -26.280250549316406 30.516077041625977
-33.02893829345703 -27.08086395263672 36.06949996948242
-27.689680099487305 -25.455848693847656 39.739654541015625
-18.442190170288086 -30.00737762451172 42.74404525756836
-3.112091302871704 -38.83046340942383 42.66655731201172
-23.027271270751953 -41.496097564697266 44.80904006958008
-33.405155181884766 -42.669822692871094 39.034915924072266
-39.17329025268555 -43.44953536987305 26.63432502746582
-35.00648498535156 -35.33363342285156 25.231069564819336
-31.57942771911621 -33.315128326416016 35.051849365234375
-22.727909088134766 -33.56602096557617 40.18827438354492
-35.62803649902344 -37.247920989990234 26.053499221801758
-31.52433967590332 -35.087989807128906 35.28126907348633
-23.173105239868164 -34.80924606323242 40.70478820800781
-1.3457605838775635 -45.04148864746094 -72.80870056152344
-1.3874151706695557 -66.28885650634766 -57.35747528076172
-10.938736915588379 -78.97940826416016 -36.53480911254883
-21.374570846557617 -86.37741088867188 -12.861123085021973
-23.712522506713867 -91.2338638305664 9.938874244689941
-19.31056022644043 -90.56111145019531 29.34992027282715
5.748341083526611 -89.16266632080078 36.066612243652344
25.3946590423584 -81.84654998779297 34.88347625732422
46.99551010131836 -72.56421661376953 27.234935760498047
62.65876007080078 -60.663978576660156 23.62884521484375
77.4986572265625 -40.00189971923828 17.698522567749023
