-39.1963005065918 29.485910415649414 -39.83924102783203
-39.48573303222656 38.3807487487793 -32.363548278808594
-38.381446838378906 42.267887115478516 -21.483793258666992
-34.620384216308594 45.67275619506836 -10.294692993164062
-28.15444564819336 40.23371124267578 -2.172205924987793
-32.13431930541992 36.61723327636719 -11.788544654846191
-37.82440948486328 34.3438835144043 -20.730194091796875
-40.39790344238281 30.90941619873047 -30.821502685546875
41.0045166015625 40.14692687988281 34.40322494506836
29.47536277770996 41.80499267578125 37.24089050292969
16.057579040527344 44.679115295410156 33.797096252441406
6.562805652618408 43.65503692626953 27.4480037689209
-3.7382261753082275 44.014503479003906 22.854907989501953
3.330488920211792 51.87971115112305 28.5793514251709
15.722440719604492 52.36137008666992 33.242061614990234
31.399869918823242 50.03923797607422 34.172855377197266
-36.60626983642578 16.59234046936035 -26.696468353271484
-37.274356842041016 22.32305908203125 -19.6993350982666
-33.91608428955078 25.165197372436523 -12.699060440063477
-24.26352882385254 26.330955505371094 -7.936180114746094
-21.074840545654297 21.502361297607422 -5.1257524490356445
-27.828367233276367 18.328222274780273 -8.238752365112305
-32.51561737060547 16.074993133544922 -11.825014114379883
-35.956993103027344 15.380339622497559 -17.61368179321289
21.69081687927246 25.39325714111328 35.981048583984375
15.410439491271973 23.187044143676758 34.48290252685547
10.688871383666992 22.772382736206055 30.678972244262695
7.3966474533081055 24.16161346435547 26.33089828491211
2.900611639022827 26.039989471435547 18.54903793334961
6.99880313873291 29.71765899658203 26.46135902404785
9.839545249938965 30.514331817626953 31.15985870361328
14.23075008392334 29.184736251831055 34.15947723388672
-32.845619201660156 20.896617889404297 -11.642127990722656
9.900938034057617 27.166589736938477 31.134788513183594
-8.47949504852295 26.678916931152344 17.846357345581055
-12.782349586486816 5.568775177001953 32.16180419921875
-1.5273536443710327 -4.452664375305176 30.261873245239258
-4.501089572906494 -12.899224281311035 31.01682472229004
-15.036128997802734 -10.634451866149902 32.72557830810547
-22.12512969970703 -14.439493179321289 27.69594383239746
-26.416481018066406 -13.14999771118164 19.99151611328125
-26.272066116333008 -15.262560844421387 11.41463565826416
-27.05960464477539 -9.703319549560547 7.468217372894287
-30.04421043395996 2.581502676010132 15.59238052368164
-19.656023025512695 23.518009185791016 5.713754177093506
-33.579620361328125 -0.7021679878234863 37.33603286743164
-25.03660011291504 -40.099002838134766 -2.5398690700531006
-28.049541473388672 -33.39651107788086 15.302862167358398
-25.661306381225586 -29.165668487548828 24.472970962524414
-21.486528396606445 -30.016868591308594 30.178451538085938
-16.312419891357422 -27.555496215820312 33.9138298034668
-6.033505439758301 -29.708742141723633 36.85489273071289
11.987797737121582 -35.14743423461914 34.7437858581543
-9.6504545211792 -40.6128044128418 39.31489562988281
-21.709012985229492 -43.06657409667969 33.716957092285156
-27.97336196899414 -44.147151947021484 21.173912048339844
-24.909399032592773 -36.336097717285156 19.413633346557617
-20.14968490600586 -34.72652053833008 29.185447692871094
-10.485040664672852 -33.737308502197266 34.61014175415039
-25.31485366821289 -38.39544677734375 20.146167755126953
-20.090940475463867 -36.614906311035156 29.52935218811035
-11.014809608459473 -35.47607421875 35.039825439453125
14.633652687072754 -46.7869987487793 -80.57498931884766
-0.6861972808837891 -63.466243743896484 -60.41267013549805
-4.529184341430664 -79.3436279296875 -39.61024475097656
-10.47414493560791 -86.88247680664062 -18.93499183654785
-7.6676926612854 -94.94277954101562 1.1411062479019165
0.8704028725624084 -95.81780242919922 19.669315338134766
7.297229290008545 -91.31451416015625 30.43718910217285
43.533660888671875 -80.77021789550781 23.222248077392578
57.06085968017578 -66.64700317382812 24.44046974182129
75.23932647705078 -55.477760314941406 14.492810249328613
90.07571411132812 -26.57189178466797 10.375036239624023
