-18.878190994262695 42.709163665771484 -52.1595458984375
-20.204137802124023 54.31770324707031 -43.549068450927734
-20.752012252807617 60.05884552001953 -31.057270050048828
-19.726022720336914 61.832786560058594 -18.7613468170166
-16.984573364257812 55.21381378173828 -9.65134334564209
-18.286706924438477 52.44380187988281 -19.55945587158203
-21.722015380859375 51.05392837524414 -29.429431915283203
-22.04061508178711 47.53784942626953 -39.92205047607422
42.6720085144043 50.06715774536133 40.105224609375
30.366779327392578 51.7584342956543 38.053558349609375
20.086149215698242 54.58005905151367 32.479557037353516
12.180286407470703 54.04658889770508 23.57782745361328
1.265307068824768 56.56135177612305 18.48234748840332
8.797342300415039 63.91960144042969 25.031076431274414
21.20758628845215 63.6641731262207 32.72708511352539
34.04636764526367 60.49433898925781 36.75476837158203
-20.10519790649414 32.053165435791016 -36.48410415649414
-19.575281143188477 38.733558654785156 -28.988269805908203
-16.36194610595703 40.4962158203125 -23.57044792175293
-12.700864791870117 39.43238830566406 -20.38654899597168
-8.310514450073242 35.919342041015625 -13.060848236083984
-12.806116104125977 33.58934783935547 -20.549362182617188
-16.20244598388672 32.40212631225586 -24.66049575805664
-18.509275436401367 31.749774932861328 -29.277376174926758
24.64754295349121 36.43842315673828 34.750667572021484
19.93993377685547 35.21103286743164 30.802227020263672
16.991886138916016 35.443355560302734 27.09677505493164
13.937106132507324 36.08513641357422 22.27442741394043
8.271668434143066 39.01583480834961 14.890507698059082
13.954476356506348 40.50680160522461 22.04463768005371
15.695295333862305 41.259368896484375 27.797443389892578
19.03652000427246 39.092288970947266 32.6991081237793
-17.01792335510254 36.16594696044922 -23.20372200012207
15.954747200012207 37.84375 26.382579803466797
-4.288887977600098 42.15545654296875 14.052095413208008
-17.321861267089844 23.751970291137695 28.143983840942383
-8.05927562713623 12.069610595703125 28.409748077392578
-13.345126152038574 5.040215969085693 28.213891983032227
-24.055633544921875 10.615410804748535 27.515119552612305
-29.935850143432617 5.55718469619751 22.02265167236328
-31.242713928222656 9.747305870056152 13.376714706420898
-27.746091842651367 3.012377977371216 7.431333541870117
-25.524843215942383 8.935632705688477 0.40822309255599976
-31.617231369018555 21.814620971679688 7.660041809082031
-15.107217788696289 40.740760803222656 -0.273528516292572
-40.63574981689453 21.564884185791016 27.020549774169922
-36.23859405517578 -23.986204147338867 -0.35055598616600037
-36.07406997680664 -13.650496482849121 13.1339750289917
-34.6911735534668 -9.257837295532227 19.826974868774414
-32.6375732421875 -10.089216232299805 25.515586853027344
-29.076465606689453 -8.040216445922852 30.095767974853516
-21.708581924438477 -11.46418571472168 36.219512939453125
-10.165277481079102 -18.930212020874023 41.6739387512207
-27.621044158935547 -18.977703094482422 38.164302825927734
-37.147377014160156 -20.46685028076172 29.144758224487305
-40.27717971801758 -22.24703598022461 17.504480361938477
-35.02592849731445 -16.586267471313477 16.08635711669922
-31.872751235961914 -14.667008399963379 25.828777313232422
-25.04768180847168 -14.49059772491455 33.336463928222656
-36.13470458984375 -18.09002685546875 17.355684280395508
-32.96470642089844 -16.46381950378418 26.637531280517578
-25.621578216552734 -15.240084648132324 33.48450469970703
9.22615909576416 -62.54701232910156 -59.12099075317383
2.4040536880493164 -64.08598327636719 -53.0239143371582
-15.405928611755371 -70.18717956542969 -28.6569766998291
-30.206174850463867 -70.57887268066406 -3.348663806915283
-41.75946807861328 -69.79180908203125 20.27545738220215
-39.18135452270508 -67.3759994506836 36.1995735168457
-23.669395446777344 -67.21551513671875 47.10004806518555
6.85075044631958 -66.60276794433594 46.623783111572266
30.600107192993164 -64.96073913574219 43.488441467285156
44.00217819213867 -59.96211624145508 42.64467239379883
78.35678100585938 -42.84639358520508 31.170515060424805
