-25.000370025634766 45.07115173339844 39.648406982421875
-11.039287567138672 52.66625213623047 41.05232238769531
0.4516357183456421 53.27119064331055 39.17940139770508
12.219623565673828 52.46018600463867 35.151100158691406
17.450225830078125 44.33454132080078 28.940038681030273
8.052762985229492 43.97194290161133 33.014678955078125
-0.8312980532646179 45.17190170288086 38.86180114746094
-10.78777027130127 45.20206069946289 41.41520309448242
52.9059944152832 37.623435974121094 -38.076416015625
53.567012786865234 37.41671371459961 -25.78086280822754
51.0390739440918 39.27907180786133 -14.077000617980957
44.244197845458984 39.8338737487793 -3.9611823558807373
39.62034606933594 40.80791473388672 6.402560710906982
48.21329879760742 46.53432846069336 -1.4357794523239136
53.25152587890625 47.21597671508789 -13.70676326751709
54.859718322753906 44.873931884765625 -27.294437408447266
-11.814766883850098 29.236713409423828 37.07476806640625
-3.2673044204711914 30.661306381225586 36.386024475097656
2.7343149185180664 32.31671142578125 31.758197784423828
4.648336410522461 31.20713996887207 26.745424270629883
8.09830379486084 27.445980072021484 21.486127853393555
2.997382402420044 25.894411087036133 26.757381439208984
-0.6956344246864319 25.233386993408203 30.714271545410156
-4.60532808303833 25.105073928833008 33.688053131103516
46.42203903198242 21.517122268676758 -20.553268432617188
43.18732833862305 20.37835693359375 -15.101134300231934
39.83491516113281 20.926267623901367 -11.145439147949219
35.81812286376953 22.46787452697754 -7.523720741271973
30.425853729248047 24.87578582763672 -0.7519290447235107
37.66395950317383 27.90921401977539 -7.04664421081543
42.30121612548828 27.281320571899414 -8.770336151123047
46.232933044433594 24.378915786743164 -13.50106430053711
1.568739891052246 27.671112060546875 30.917325973510742
41.00541687011719 24.017629623413086 -9.11054515838623
32.554344177246094 24.785863876342773 10.981400489807129
41.59693908691406 0.22875845432281494 17.079463958740234
37.047115325927734 -8.041370391845703 5.260876655578613
36.607391357421875 -17.833301544189453 9.233659744262695
39.46249008178711 -14.794123649597168 21.265857696533203
29.639745712280273 -17.97049903869629 26.51063346862793
20.185609817504883 -10.96204662322998 30.661470413208008
11.574283599853516 -13.583301544189453 30.713462829589844
7.399984359741211 -5.6930437088012695 30.33774757385254
21.196996688842773 3.508906841278076 33.00514602661133
19.305883407592773 26.327957153320312 22.104265213012695
43.37912368774414 -8.42142391204834 41.971946716308594
-6.402718544006348 -33.35384750366211 30.774263381958008
12.383949279785156 -32.48600769042969 31.791988372802734
21.799728393554688 -31.211631774902344 29.77237892150879
27.09636688232422 -33.59215545654297 25.92375373840332
31.718338012695312 -32.171424865722656 21.488689422607422
34.229393005371094 -35.04167175292969 12.965391159057617
32.673439025878906 -37.85908508300781 -5.216343879699707
30.535724639892578 -44.04766082763672 13.25148868560791
23.815200805664062 -44.70549011230469 23.8090763092041
11.361556053161621 -41.71902084350586 30.45578384399414
14.49234676361084 -35.512184143066406 28.43360710144043
23.964689254760742 -38.24730682373047 23.771203994750977
26.67641258239746 -38.39957046508789 20.283662796020508
13.770758628845215 -36.53330993652344 28.34947967529297
23.66145133972168 -38.96360778808594 23.37007713317871
27.0750675201416 -39.083309173583984 19.18025016784668
-83.7711410522461 -19.537538528442383 -4.366343975067139
-71.51472473144531 -38.51762008666992 4.728039264678955
-48.00474548339844 -57.02153396606445 11.925314903259277
-29.37784194946289 -66.46440124511719 17.05545425415039
-8.611139297485352 -78.11290740966797 17.240110397338867
6.48445463180542 -81.39317321777344 9.545536041259766
14.309606552124023 -80.92291259765625 -2.437302589416504
15.395910263061523 -70.21757507324219 -33.29547119140625
11.94566535949707 -63.26099395751953 -53.03717803955078
5.5946760177612305 -52.683311462402344 -72.07050323486328
4.744675159454346 -24.633304595947266 -86.42756652832031
