-53.86290740966797 20.41475486755371 -11.763630867004395
-47.36685562133789 28.891674041748047 -0.7443709969520569
-39.86256790161133 29.50587272644043 7.786253929138184
-31.778600692749023 30.12195587158203 14.439391136169434
-24.640392303466797 22.54850959777832 17.31035041809082
-31.43496322631836 20.18294334411621 10.676946640014648
-40.11355972290039 22.036880493164062 6.278083324432373
-47.20357131958008 21.021883010864258 -0.5062796473503113
51.640811920166016 16.52989387512207 15.114383697509766
41.551883697509766 16.13425636291504 22.119943618774414
29.038724899291992 18.85263442993164 25.692569732666016
20.195415496826172 17.822998046875 24.99644660949707
8.643768310546875 20.165857315063477 26.9894962310791
19.15880584716797 26.00031089782715 28.269737243652344
32.386051177978516 26.493120193481445 26.12736701965332
44.59263610839844 23.835567474365234 20.571596145629883
-45.44397735595703 4.992639541625977 -3.0520286560058594
-38.82960510253906 7.8473076820373535 3.869741439819336
-34.08076477050781 9.951371192932129 6.232237339019775
-28.958110809326172 9.28814697265625 6.551229000091553
-21.162036895751953 3.9594380855560303 7.587305545806885
-28.96733856201172 2.706465482711792 4.874091625213623
-34.248924255371094 2.2191944122314453 4.361830234527588
-39.54736328125 2.8085365295410156 2.3073995113372803
30.891695022583008 0.7411890029907227 22.657155990600586
25.85287857055664 -1.0845091342926025 22.454145431518555
20.71984100341797 -1.268262267112732 20.912622451782227
15.729392051696777 -0.10881099849939346 18.932775497436523
7.85313606262207 2.654994249343872 16.954410552978516
16.29584503173828 6.279895305633545 19.028980255126953
21.326990127563477 6.005131721496582 21.746435165405273
27.630258560180664 2.391948938369751 23.206750869750977
-33.3326530456543 5.742629528045654 5.430107116699219
20.313095092773438 2.552112340927124 20.505891799926758
-2.563729763031006 4.190212249755859 27.259965896606445
-5.121448516845703 -17.475204467773438 38.3598518371582
4.540210723876953 -28.578441619873047 28.311790466308594
-0.406015008687973 -34.780052185058594 29.40432357788086
-8.182358741760254 -31.177133560180664 39.05716323852539
-18.5394287109375 -37.62505340576172 37.748470306396484
-27.281370162963867 -31.003494262695312 30.626707077026367
-27.94214630126953 -33.006893157958984 20.83172607421875
-30.435302734375 -26.6302433013916 16.622703552246094
-25.592981338500977 -16.334308624267578 30.907318115234375
-17.112428665161133 4.701320171356201 21.093868255615234
-23.318157196044922 -21.347139358520508 54.23466491699219
-36.7891845703125 -59.551815032958984 11.489561080932617
-30.12526512145996 -52.50973129272461 22.718734741210938
-23.132583618164062 -49.49225997924805 29.89703941345215
-17.146501541137695 -51.1954231262207 32.11907958984375
-10.86087703704834 -49.89223861694336 33.20454406738281
-1.3081386089324951 -53.06786346435547 31.407926559448242
10.282991409301758 -59.702735900878906 25.255638122558594
-3.0096302032470703 -64.24658203125 33.7356071472168
-17.29939079284668 -64.2557373046875 33.484195709228516
-29.276870727539062 -63.74573516845703 25.880054473876953
-26.603214263916016 -56.239131927490234 24.777746200561523
-16.484827041625977 -55.98521041870117 30.619630813598633
-5.71453332901001 -56.47150421142578 31.61243438720703
-26.575031280517578 -57.653785705566406 25.487607955932617
-16.546459197998047 -57.517242431640625 30.666343688964844
-5.844709396362305 -57.491294860839844 32.0633659362793
-54.53961181640625 -69.55048370361328 -64.49945068359375
-51.88572311401367 -80.85881805419922 -58.5494499206543
-49.626441955566406 -88.2442855834961 -34.85476303100586
-42.56118392944336 -95.51509857177734 -13.63709545135498
-29.45277976989746 -106.2337875366211 6.321316719055176
-16.167423248291016 -107.29383850097656 17.688982009887695
3.8447697162628174 -107.69738006591797 16.084577560424805
26.75189971923828 -100.40882110595703 5.63643217086792
44.910396575927734 -92.8794174194336 -7.549444198608398
67.0103988647461 -78.88700866699219 -33.04944610595703
74.660400390625 -65.03064727783203 -36.94392395019531
