-31.19603157043457 45.50148391723633 -50.32313919067383
-32.39219665527344 56.925804138183594 -39.75457763671875
-31.7485294342041 61.1954345703125 -27.66770362854004
-28.241193771362305 63.86838150024414 -14.664860725402832
-23.620071411132812 57.322166442871094 -6.192752361297607
-26.38945198059082 54.82719421386719 -15.568049430847168
-31.819616317749023 53.49300765991211 -25.554243087768555
-33.34468078613281 49.47554016113281 -36.298492431640625
46.537296295166016 51.5235595703125 32.212188720703125
32.864498138427734 53.93537902832031 32.97734451293945
20.92111587524414 57.13057327270508 29.517873764038086
11.161215782165527 57.3138313293457 22.775049209594727
-0.2071208953857422 58.56650161743164 19.064178466796875
7.4625983238220215 65.47515106201172 24.357458114624023
20.50807762145996 65.80530548095703 29.69841766357422
35.172752380371094 62.66093826293945 31.758092880249023
-30.522581100463867 35.59847640991211 -34.69116973876953
-29.101104736328125 41.46732711791992 -26.16701889038086
-25.25201416015625 43.60573196411133 -20.707948684692383
-20.15380096435547 42.99651336669922 -17.548858642578125
-14.866848945617676 38.900875091552734 -12.291013717651367
-20.851455688476562 36.972991943359375 -18.308135986328125
-24.90486717224121 35.235347747802734 -22.045385360717773
-27.90825653076172 34.450355529785156 -26.686283111572266
26.345903396606445 39.849853515625 30.37932777404785
21.044227600097656 38.09410858154297 27.166486740112305
16.757905960083008 37.55128860473633 23.305192947387695
13.353670120239258 39.20793533325195 19.778583526611328
6.537191867828369 41.48100662231445 13.565384864807129
13.204924583435059 43.39705276489258 19.480093002319336
15.199886322021484 43.241397857666016 23.641895294189453
20.079994201660156 43.263675689697266 29.17368507385254
-25.106422424316406 39.710994720458984 -19.814189910888672
16.425331115722656 41.37158203125 24.302370071411133
-6.9542036056518555 44.71617889404297 15.802311897277832
-16.413772583007812 25.75459861755371 30.37801742553711
-5.414061069488525 15.308817863464355 28.31200408935547
-10.207182884216309 7.100325107574463 29.108196258544922
-22.483112335205078 11.973051071166992 30.563901901245117
-28.32973289489746 6.338588237762451 25.00763511657715
-31.836950302124023 10.156578063964844 17.138647079467773
-28.696435928344727 4.193211555480957 9.053998947143555
-28.12990951538086 11.602391242980957 2.6560418605804443
-32.12706756591797 23.255939483642578 10.929028511047363
-19.162691116333008 43.016136169433594 2.358067274093628
-39.06053161621094 21.500484466552734 32.520347595214844
-35.77876281738281 -21.75248908996582 0.6382525563240051
-34.75092315673828 -12.787820816040039 14.007442474365234
-31.923269271850586 -8.658923149108887 21.971094131469727
-28.704885482788086 -9.313225746154785 27.215091705322266
-24.33949851989746 -7.386683464050293 31.5418701171875
-16.340906143188477 -10.239869117736816 36.38018798828125
-1.7008222341537476 -16.77434730529785 39.1278076171875
-21.548572540283203 -17.722431182861328 38.98063659667969
-32.22983169555664 -19.544557571411133 31.545106887817383
-37.03031539916992 -21.076574325561523 19.28024673461914
-32.718505859375 -15.22697639465332 17.976154327392578
-27.99251365661621 -13.868966102600098 27.481292724609375
-20.090740203857422 -12.869794845581055 33.97471237182617
-33.09999465942383 -16.4966983795166 18.84395408630371
-28.89131736755371 -15.338335037231445 28.413890838623047
-20.585451126098633 -13.877213478088379 34.2514762878418
12.363041877746582 -40.574344635009766 -86.98239135742188
-2.3962080478668213 -64.98321533203125 -53.88420486450195
-15.75654411315918 -67.64511108398438 -33.14771270751953
-30.904258728027344 -68.8447036743164 -3.930457592010498
-36.686561584472656 -70.22655487060547 22.385194778442383
-31.47415542602539 -68.06183624267578 38.22909164428711
-13.684311866760254 -67.4992904663086 45.926265716552734
12.971881866455078 -65.18141174316406 41.65360641479492
40.02631378173828 -59.90192413330078 35.27241516113281
63.821922302246094 -52.45145034790039 22.666746139526367
88.7712631225586 -30.263368606567383 11.734749794006348
