-58.569374084472656 35.00831604003906 -28.426227569580078
-55.14129638671875 46.124114990234375 -18.198455810546875
-49.006065368652344 50.42534255981445 -6.689926624298096
-42.071563720703125 51.69551467895508 4.7159600257873535
-33.31550216674805 45.01616287231445 11.552008628845215
-40.26326370239258 43.470542907714844 2.6501266956329346
-48.8152961730957 41.83850860595703 -5.851996421813965
-55.49687194824219 37.57978439331055 -15.764171600341797
48.734012603759766 42.408447265625 17.481447219848633
36.15940475463867 45.22331619262695 24.655017852783203
23.18781280517578 48.694026947021484 26.330846786499023
11.091197967529297 47.98732376098633 24.70663833618164
-1.066113829612732 48.68395233154297 25.84210968017578
8.613821983337402 56.99690628051758 28.070449829101562
23.126554489135742 57.04545211791992 25.46450424194336
38.26395797729492 53.652854919433594 21.768701553344727
-50.81562423706055 22.987693786621094 -14.349508285522461
-46.42397689819336 27.758390426635742 -6.2961835861206055
-40.43326187133789 30.843347549438477 -2.07125186920166
-37.17741012573242 31.87310028076172 -1.2362432479858398
-26.781015396118164 27.17475128173828 0.7253219485282898
-34.460933685302734 24.579652786254883 -1.7134135961532593
-39.96399688720703 22.58910369873047 -3.2721266746520996
-45.06393814086914 21.776329040527344 -7.129776477813721
30.503725051879883 28.303619384765625 22.892553329467773
23.888912200927734 26.27954864501953 23.921358108520508
17.606191635131836 26.448131561279297 22.76074981689453
12.447968482971191 27.85753059387207 19.978992462158203
4.101278305053711 30.03156089782715 15.767640113830566
12.272069931030273 33.564762115478516 20.14811134338379
16.468605041503906 34.14228057861328 23.860191345214844
23.127662658691406 31.34619903564453 25.652915954589844
-39.958248138427734 27.433990478515625 -2.1383183002471924
16.468015670776367 29.726757049560547 23.09579086303711
-6.890816688537598 31.41016387939453 23.016281127929688
-9.504270553588867 8.78239917755127 38.30847930908203
0.8709080219268799 -1.101244568824768 31.049840927124023
-1.7360812425613403 -8.947652816772461 33.488094329833984
-12.665985107421875 -3.088043689727783 45.650638580322266
-18.14006233215332 -9.69205379486084 37.08528518676758
-25.815753936767578 -6.426849842071533 32.52657699584961
-26.36221694946289 -12.878517150878906 22.758298873901367
-28.411521911621094 -4.974985122680664 17.435348510742188
-29.39084243774414 6.512921333312988 28.546314239501953
-25.415096282958984 29.68217658996582 14.83109188079834
-26.791200637817383 4.996382713317871 52.822086334228516
-33.498252868652344 -42.2083740234375 15.937458038330078
-28.863182067871094 -32.47514343261719 29.413942337036133
-23.180307388305664 -27.3165340423584 36.343990325927734
-17.833606719970703 -28.082557678222656 40.047733306884766
-11.685823440551758 -25.725147247314453 42.06085968017578
-1.1098095178604126 -29.352415084838867 41.48329544067383
11.814689636230469 -35.66592025756836 36.59177780151367
-2.6624624729156494 -41.26443862915039 42.846702575683594
-16.31639289855957 -43.09660720825195 40.609458923339844
-26.227787017822266 -43.73532485961914 32.408077239990234
-24.917112350463867 -35.73458480834961 30.304122924804688
-15.997357368469238 -33.57295608520508 37.19472885131836
-4.733264923095703 -33.49813461303711 39.33462905883789
-24.341354370117188 -37.54010772705078 30.503246307373047
-15.54246711730957 -35.93973159790039 36.88451385498047
-4.847056865692139 -34.920249938964844 39.49323272705078
-36.93821716308594 -49.12335968017578 -74.59158325195312
-32.74587631225586 -73.65499877929688 -56.61420440673828
-25.317386627197266 -81.5032730102539 -26.79053497314453
-26.188024520874023 -85.10958862304688 -0.3731899857521057
-20.62493133544922 -88.89188385009766 23.854293823242188
-8.698768615722656 -86.41212463378906 36.13951110839844
15.034189224243164 -84.2242431640625 32.77752685546875
34.867183685302734 -76.69596862792969 19.541994094848633
52.226741790771484 -67.99494171142578 9.468645095825195
68.66730499267578 -61.58761978149414 -2.3023688793182373
86.21672058105469 -31.082059860229492 -20.466812133789062
