-56.912925720214844 22.80545425415039 5.89597749710083
-45.95636749267578 34.77867889404297 15.611223220825195
-32.34687042236328 36.804649353027344 18.976469039916992
-17.86394691467285 36.8399658203125 19.510608673095703
-10.046945571899414 30.89742088317871 16.961069107055664
-20.64706802368164 29.165912628173828 16.271446228027344
-32.836605072021484 27.87175178527832 18.13130760192871
-44.92303466796875 25.24187469482422 14.736865997314453
49.929908752441406 26.709224700927734 -28.358367919921875
44.811527252197266 27.362838745117188 -16.433639526367188
36.47003173828125 30.394906997680664 -6.460936069488525
24.941009521484375 29.05118179321289 -2.385962724685669
17.678382873535156 31.50152015686035 6.066462516784668
26.307315826416016 37.93645477294922 3.012753963470459
37.39185333251953 37.94959259033203 -6.214655876159668
46.45281219482422 35.975364685058594 -17.7646484375
-40.03986740112305 11.156017303466797 14.070113182067871
-31.578460693359375 13.811895370483398 17.80557632446289
-24.638154983520508 16.540279388427734 17.061595916748047
-19.992149353027344 16.56992530822754 13.852450370788574
-15.11764907836914 14.78585147857666 8.444059371948242
-21.094409942626953 11.436312675476074 12.530900001525879
-26.4875545501709 10.050460815429688 14.91342544555664
-32.083927154541016 9.274231910705566 15.448203086853027
40.498634338378906 11.330133438110352 -13.076421737670898
34.965335845947266 10.059810638427734 -8.964274406433105
30.13146209716797 11.50813102722168 -5.723561763763428
24.617856979370117 13.949213981628418 -4.481433391571045
16.0137882232666 16.898408889770508 -3.9581687450408936
25.462732315063477 17.114805221557617 -3.4769880771636963
31.219179153442383 16.53097152709961 -3.3955650329589844
36.396080017089844 14.20527172088623 -5.957389831542969
-24.666147232055664 15.09308910369873 17.22412109375
30.193523406982422 12.84532356262207 -4.560520172119141
12.990918159484863 18.209514617919922 11.102582931518555
21.477140426635742 -1.4618202447891235 25.49009895324707
22.966999053955078 -11.51402473449707 15.681761741638184
22.463571548461914 -19.538726806640625 20.265125274658203
21.002578735351562 -15.590071678161621 30.895689010620117
11.35062026977539 -21.095321655273438 33.08906555175781
1.5700597763061523 -16.467927932739258 35.53912353515625
-5.1273393630981445 -21.838220596313477 26.901254653930664
-7.150063991546631 -14.356494903564453 26.04289436340332
-1.702060580253601 -2.7275657653808594 32.76809310913086
-3.3866381645202637 17.04874610900879 15.258395195007324
14.1982421875 -5.0058441162109375 47.42228317260742
-17.059932708740234 -46.388404846191406 25.505891799926758
-5.417067050933838 -38.68709945678711 32.53232192993164
6.007452487945557 -35.05025863647461 35.648963928222656
13.208752632141113 -36.58022689819336 34.479347229003906
18.972736358642578 -34.21816635131836 31.82878303527832
24.429622650146484 -34.625892639160156 26.964982986450195
31.900421142578125 -40.166542053222656 12.039505004882812
25.916505813598633 -47.856712341308594 26.104589462280273
14.24670696258545 -49.92805862426758 33.6705207824707
-0.5988720059394836 -49.93996810913086 34.150814056396484
0.5225167870521545 -42.0578498840332 32.1475715637207
12.23414421081543 -41.3520393371582 31.98925018310547
21.963211059570312 -40.34869384765625 26.505186080932617
1.2385121583938599 -43.26435089111328 31.984188079833984
12.262259483337402 -42.57891082763672 31.495895385742188
22.051862716674805 -41.71841049194336 26.20136833190918
-81.57041931152344 -46.35649108886719 -37.856422424316406
-72.64961242675781 -61.35649108886719 -15.856424331665039
24.50820541381836 -15.750226974487305 10.377197265625
-11.100564002990723 -13.850976943969727 21.714599609375
-8.133180618286133 -85.02933502197266 28.807275772094727
13.970477104187012 -86.09164428710938 29.097013473510742
30.820987701416016 -83.35648345947266 22.143569946289062
45.46774673461914 -70.35649108886719 -11.856425285339355
31.66055679321289 -43.35649108886719 9.417498588562012
23.034542083740234 -18.58165740966797 13.660296440124512
-33.91525650024414 -37.35649108886719 17.760452270507812
