-68.26752471923828 20.898330688476562 11.396105766296387
-59.0097541809082 32.17194747924805 21.664073944091797
-46.23758316040039 34.424888610839844 26.229022979736328
-33.1316032409668 34.83821105957031 28.14925765991211
-24.028329849243164 28.88762855529785 26.03249168395996
-34.341087341308594 27.046905517578125 24.54520034790039
-46.439422607421875 25.71357536315918 25.25332260131836
-58.0639762878418 23.110530853271484 20.8427791595459
40.95761489868164 28.706058502197266 -13.704315185546875
34.74911880493164 29.264387130737305 -1.8874366283416748
24.441471099853516 30.834487915039062 7.258906841278076
13.99477767944336 30.648332595825195 11.087869644165039
5.572592258453369 30.61227035522461 17.33934211730957
13.274948120117188 38.73313522338867 16.178159713745117
24.083637237548828 39.107608795166016 8.561162948608398
35.11037826538086 38.565547943115234 -2.182607889175415
-52.95162582397461 10.873381614685059 19.913908004760742
-41.24367904663086 16.74863624572754 24.626972198486328
-36.42607879638672 18.483823776245117 22.968812942504883
-31.095142364501953 17.624958038330078 20.0809326171875
-26.375450134277344 13.904847145080566 16.428064346313477
-31.20871925354004 11.726606369018555 19.077924728393555
-38.892093658447266 9.68311882019043 21.752925872802734
-43.326541900634766 9.212394714355469 22.512008666992188
30.7413330078125 14.99521541595459 0.5615757703781128
25.315107345581055 13.352206230163574 3.8913323879241943
19.69797134399414 14.56948184967041 7.048566818237305
14.117011070251465 15.739968299865723 7.633594989776611
5.707396030426025 17.326107025146484 6.831124305725098
14.608579635620117 19.658126831054688 8.803586959838867
20.33392333984375 19.684457778930664 8.911341667175293
26.341585159301758 17.109167098999023 6.212278366088867
-38.035945892333984 14.67872428894043 24.152082443237305
21.68795394897461 16.07636070251465 7.971643447875977
0.982771635055542 17.258766174316406 20.98988151550293
8.54381275177002 -1.9453253746032715 34.13016128540039
12.732187271118164 -11.763749122619629 22.726173400878906
12.0274019241333 -19.547866821289062 27.386802673339844
8.378924369812012 -16.864797592163086 38.41835021972656
-0.8859405517578125 -23.333961486816406 39.62486267089844
-11.553362846374512 -20.079326629638672 40.87015914916992
-18.233022689819336 -22.537233352661133 32.96815490722656
-20.303659439086914 -15.017756462097168 32.831356048583984
-14.98533821105957 -4.0846781730651855 39.514705657958984
-16.329317092895508 15.234023094177246 23.067646026611328
0.6084885597229004 -8.078096389770508 55.99543380737305
-24.534067153930664 -46.057586669921875 27.290483474731445
-16.924985885620117 -39.123714447021484 36.06777572631836
-6.110547065734863 -35.527679443359375 39.33849334716797
1.0625118017196655 -36.04575729370117 37.985145568847656
7.100901126861572 -33.58714294433594 35.419315338134766
15.178252220153809 -34.872581481933594 29.04084587097168
21.087411880493164 -38.65724563598633 15.649613380432129
14.553393363952637 -45.8916015625 31.71198272705078
3.0696399211883545 -48.30561447143555 37.977073669433594
-11.838513374328613 -49.347434997558594 37.57809829711914
-12.44267749786377 -42.368019104003906 36.163204193115234
0.6558039784431458 -40.97420883178711 36.63359069824219
10.911413192749023 -39.56013870239258 31.229598999023438
-10.42570972442627 -43.25669479370117 36.428741455078125
0.6735239624977112 -42.1342658996582 36.37895584106445
10.933464050292969 -40.85084915161133 31.188932418823242
-86.13819885253906 -55.37089538574219 -23.36640167236328
19.788114547729492 25.613046646118164 8.491837501525879
-27.789928436279297 -22.28853988647461 28.30459976196289
-13.78993034362793 -82.2533187866211 35.45759582519531
-2.2644760608673096 -87.79817199707031 36.5853271484375
7.737680435180664 -86.27056121826172 33.04228210449219
8.74581527709961 -83.33392333984375 33.364009857177734
38.76984786987305 -78.79817199707031 -0.3664030134677887
41.9707145690918 -75.79817199707031 -28.36639976501465
47.13651657104492 -67.79817199707031 -43.366397857666016
50.347572326660156 -52.89179229736328 -58.150978088378906
