-35.589359283447266 45.05990982055664 9.093005180358887
-24.317522048950195 53.653465270996094 15.668008804321289
-12.008601188659668 54.974796295166016 20.76287841796875
0.5231972932815552 52.83134078979492 23.275279998779297
8.949360847473145 43.59499740600586 20.96434783935547
-2.409618377685547 44.51277542114258 18.9574031829834
-13.559402465820312 45.79961013793945 20.185375213623047
-25.017955780029297 45.113853454589844 17.075281143188477
70.49238586425781 30.50469207763672 -23.002365112304688
65.56156921386719 33.25811767578125 -9.722607612609863
58.63916778564453 36.90452194213867 -0.866601288318634
47.38768768310547 38.09441375732422 3.579416275024414
38.33945083618164 38.87135314941406 11.568499565124512
48.774330139160156 45.96976089477539 7.521359443664551
59.974891662597656 45.553401947021484 -2.0442795753479004
66.77032470703125 40.7651252746582 -11.86008358001709
-23.77484703063965 29.256084442138672 14.123889923095703
-15.418456077575684 31.682371139526367 17.906604766845703
-9.255475044250488 32.699371337890625 17.825380325317383
-4.375828742980957 31.48284912109375 15.344210624694824
2.9620964527130127 27.27896499633789 11.57986831665039
-5.100050449371338 25.905651092529297 14.296051025390625
-10.966941833496094 24.93880271911621 15.464775085449219
-16.902385711669922 26.26201629638672 15.494112968444824
57.66969299316406 17.850772857666016 -8.836792945861816
53.06787109375 17.473684310913086 -4.51663875579834
47.59585189819336 18.80044937133789 -1.1093090772628784
42.47113800048828 20.727293014526367 0.509606122970581
34.57390213012695 24.019760131835938 3.166645050048828
42.43463897705078 26.687705993652344 0.9621628522872925
48.51332092285156 26.299453735351562 1.1233642101287842
54.798744201660156 22.260984420776367 -2.1474146842956543
-10.1749267578125 28.83134651184082 16.09330177307129
47.88764953613281 21.861309051513672 -0.30109500885009766
31.42310905456543 24.841350555419922 14.562283515930176
37.0349235534668 2.583001136779785 27.618892669677734
39.46142578125 -8.5712308883667 18.665319442749023
37.5218505859375 -15.276341438293457 23.49713897705078
35.14719009399414 -9.956949234008789 37.44805145263672
24.16640853881836 -14.818284034729004 37.35557174682617
16.233558654785156 -7.458906650543213 39.22895431518555
6.299476146697998 -11.522642135620117 32.18555450439453
2.1876981258392334 -4.952304363250732 28.277746200561523
12.262795448303223 5.675424575805664 33.146018981933594
13.907249450683594 26.281984329223633 17.86855697631836
28.981395721435547 -0.942375898361206 47.484718322753906
-9.537029266357422 -34.82246780395508 31.476057052612305
4.302383899688721 -30.551605224609375 40.10841751098633
15.80126953125 -26.771446228027344 43.62571716308594
22.892574310302734 -29.479339599609375 43.36001968383789
29.669605255126953 -28.882713317871094 40.554264068603516
36.98295593261719 -33.9429817199707 33.33602523803711
42.29946517944336 -41.30805969238281 19.04343032836914
32.57770919799805 -46.26884841918945 35.28703308105469
20.306516647338867 -45.56229019165039 41.665645599365234
5.377765655517578 -42.84314727783203 40.88776779174805
7.38760232925415 -34.480712890625 38.82979965209961
20.363601684570312 -36.419090270996094 39.69889450073242
31.374786376953125 -37.45130920410156 35.019935607910156
7.489531517028809 -35.46940612792969 39.05762481689453
20.079505920410156 -37.188880920410156 39.50455093383789
30.920902252197266 -38.20584487915039 35.06601333618164
-60.00232696533203 -44.980865478515625 -0.8034532070159912
-56.70050811767578 -50.922264099121094 2.6989049911499023
-42.533058166503906 -58.13384246826172 19.043752670288086
-22.817522048950195 -67.16863250732422 30.698898315429688
-4.099419593811035 -73.90953063964844 41.662330627441406
19.013879776000977 -74.43022918701172 44.80656814575195
44.40725326538086 -75.16862487792969 20.69890022277832
52.15071487426758 -71.60746002197266 7.899433135986328
61.4515495300293 -68.24269104003906 -7.844836235046387
68.1875228881836 -60.1864128112793 -24.672574996948242
72.2939224243164 -43.738929748535156 -38.8074836730957
