-49.47641372680664 66.68111419677734 -21.490514755249023
-44.504661560058594 78.9766845703125 -12.755313873291016
-35.359073638916016 84.16155242919922 -1.0300081968307495
-23.60665512084961 84.50701904296875 7.98168420791626
-13.270563125610352 77.01730346679688 10.243308067321777
-22.86052703857422 74.82111358642578 4.313772678375244
-34.73100280761719 74.00364685058594 -0.06701598316431046
-44.1729850769043 70.25096893310547 -8.761812210083008
62.236019134521484 79.19165802001953 -7.429440021514893
53.134307861328125 81.19718933105469 2.40234112739563
41.115116119384766 82.34870910644531 8.15436840057373
28.04136848449707 80.41508483886719 8.316699028015137
17.882543563842773 80.2998046875 12.920741081237793
26.42589569091797 89.87895965576172 12.071290016174316
41.0500373840332 92.30876159667969 6.9000163078308105
53.48875427246094 89.8173828125 -1.6444252729415894
-37.641544342041016 57.02198028564453 -7.221397399902344
-31.2662410736084 60.49198532104492 -1.4317413568496704
-26.177324295043945 62.98862838745117 0.5182752013206482
-21.205942153930664 63.526878356933594 0.5929993391036987
-11.304622650146484 60.476287841796875 -0.1971510797739029
-19.61983871459961 57.69673156738281 -0.21872174739837646
-25.442243576049805 55.707847595214844 -0.9743508100509644
-31.1665096282959 54.93745422363281 -3.331886053085327
46.95396423339844 64.5789794921875 4.034611225128174
40.80293273925781 63.5789794921875 5.802214622497559
35.05839920043945 62.626434326171875 6.243253231048584
29.154863357543945 63.27846145629883 5.456075191497803
20.975616455078125 65.01620483398438 4.041265964508057
28.391822814941406 68.83676147460938 5.148545265197754
33.30289077758789 70.07792663574219 7.430825710296631
40.466636657714844 68.03121948242188 7.564227104187012
-25.15410804748535 59.39604568481445 -0.3939233422279358
34.02439498901367 65.90691375732422 6.399239540100098
13.97769832611084 64.84423065185547 13.166905403137207
18.555723190307617 45.85810470581055 28.94171905517578
27.639938354492188 35.23200607299805 23.455326080322266
25.21543312072754 28.88056755065918 27.628286361694336
17.995471954345703 30.297443389892578 35.659236907958984
6.680909156799316 23.800390243530273 35.74072265625
-4.1286749839782715 28.826602935791016 34.75326156616211
-8.519963264465332 24.433364868164062 23.522159576416016
-12.25363826751709 29.741104125976562 17.63479995727539
-7.068216323852539 42.03022384643555 24.35198402404785
-3.825885057449341 62.265384674072266 10.257113456726074
4.792606830596924 37.88296890258789 46.061302185058594
-18.87319564819336 -0.09988206624984741 15.689517974853516
-8.471389770507812 7.717451095581055 31.382043838500977
0.6707186102867126 11.937768936157227 37.92689514160156
8.083914756774902 11.457319259643555 39.96662521362305
14.976593971252441 13.922266960144043 39.81266403198242
25.424379348754883 11.85067367553711 36.62681579589844
38.94145965576172 6.886538028717041 24.032711029052734
23.326208114624023 1.6539907455444336 39.03438949584961
9.56493091583252 -0.546208381652832 40.93275833129883
-4.387913227081299 -2.1778223514556885 34.928043365478516
-3.084350109100342 4.728935241699219 33.53156280517578
8.721136093139648 5.985042572021484 38.63701248168945
20.581005096435547 7.578979015350342 37.29322052001953
-2.5304973125457764 3.5938878059387207 34.08008575439453
8.976263999938965 5.061136722564697 38.64926528930664
20.32967185974121 6.578979015350342 37.518165588378906
-47.750694274902344 -24.637372970581055 -41.58559036254883
-37.610748291015625 -39.29203414916992 -26.746089935302734
-30.957815170288086 -41.179988861083984 -4.392579555511475
-15.175026893615723 -46.204166412353516 12.850648880004883
-0.3934468626976013 -46.205421447753906 30.864309310913086
17.28042984008789 -43.759544372558594 37.34260559082031
33.68680191040039 -42.29413986206055 33.79827880859375
52.93822479248047 -37.387516021728516 18.20650291442871
70.54972076416016 -29.891216278076172 4.583215236663818
79.5030746459961 -25.513429641723633 -10.12061882019043
89.03656005859375 -9.62436580657959 -24.710533142089844
