-53.02524948120117 43.09297561645508 8.652840614318848
-45.61383819580078 54.2142219543457 18.49549674987793
-36.351890563964844 56.30569839477539 27.55961799621582
-24.230844497680664 55.628265380859375 34.32685470581055
-16.3885555267334 48.28569793701172 33.411766052246094
-24.941726684570312 46.40595626831055 30.32485580444336
-36.06791305541992 47.16960144042969 27.407970428466797
-45.90572738647461 45.591243743896484 19.76919937133789
54.94017791748047 45.5153694152832 9.164022445678711
46.07066345214844 45.82304000854492 21.134021759033203
36.493473052978516 47.35343551635742 27.275938034057617
26.67373275756836 46.530826568603516 29.06129264831543
17.413009643554688 47.99773406982422 32.88383483886719
25.4364070892334 55.17226028442383 34.27495193481445
37.36168670654297 55.93879699707031 28.308706283569336
48.135765075683594 54.43907165527344 18.903091430664062
-41.7371940612793 30.6627140045166 18.53354263305664
-36.04310607910156 34.263580322265625 24.866899490356445
-29.954280853271484 36.23824691772461 27.973037719726562
-21.691831588745117 34.735107421875 26.43717384338379
-15.414037704467773 31.83179473876953 22.21084213256836
-22.529571533203125 27.767539978027344 24.03333854675293
-29.08774757385254 26.138582229614258 24.1772518157959
-35.82638168334961 27.381025314331055 22.416831970214844
41.821128845214844 26.674190521240234 18.934053421020508
35.43144607543945 25.93878936767578 22.01199722290039
30.885976791381836 26.878358840942383 23.00331687927246
26.253990173339844 28.463973999023438 22.843374252319336
17.12466049194336 31.572134017944336 21.747751235961914
24.816091537475586 33.557125091552734 24.791162490844727
30.395404815673828 32.9589958190918 26.573060989379883
36.459835052490234 30.24631690979004 25.041751861572266
-30.45138931274414 31.43837547302246 26.707029342651367
29.505565643310547 29.530948638916016 25.080888748168945
9.545615196228027 32.61624526977539 28.735795974731445
12.13109302520752 10.21326732635498 40.21610641479492
19.66839027404785 0.4516732394695282 30.140933990478516
16.624271392822266 -7.471524238586426 33.42955780029297
10.758004188537598 -5.613694190979004 40.94652557373047
0.9871661067008972 -10.464783668518066 42.42498016357422
-9.731201171875 -5.3089423179626465 39.91799545288086
-13.951523780822754 -7.021355152130127 31.441970825195312
-15.48170280456543 -0.07567522674798965 29.787832260131836
-10.468061447143555 10.05145263671875 38.00753402709961
-7.858280658721924 32.14181137084961 27.489871978759766
-0.21046441793441772 2.282796859741211 57.85081481933594
-25.83192253112793 -29.76913833618164 15.72970962524414
-14.00722599029541 -26.013463973999023 31.314369201660156
-5.128279209136963 -23.736242294311523 36.689937591552734
1.804683804512024 -25.366867065429688 37.17802047729492
8.696181297302246 -23.475629806518555 36.8087272644043
18.307191848754883 -24.918668746948242 32.37174606323242
29.732357025146484 -28.928152084350586 18.523639678955078
17.110795974731445 -36.15967559814453 33.82054138183594
2.485473394393921 -37.868858337402344 37.17588806152344
-11.705317497253418 -37.54509353637695 32.835933685302734
-9.378683090209961 -30.181486129760742 32.19020080566406
2.000497817993164 -30.320850372314453 35.58660888671875
14.252135276794434 -29.611953735351562 32.8275260925293
-9.19042682647705 -31.641746520996094 32.25950241088867
2.2910830974578857 -31.69565200805664 35.19429397583008
14.271079063415527 -30.940996170043945 32.674537658691406
-61.24201202392578 -23.373310089111328 -49.383750915527344
-58.518409729003906 -42.06122589111328 -36.38374710083008
-42.242008209228516 -62.06123352050781 -18.176923751831055
-29.389177322387695 -67.52623748779297 -0.4469563663005829
-11.242000579833984 -76.06123352050781 24.09627914428711
3.758002996444702 -78.35890197753906 26.616268157958984
25.694101333618164 -74.84013366699219 18.837366104125977
39.59125900268555 -64.2145767211914 -1.9004324674606323
53.11714553833008 -56.06122970581055 -20.383743286132812
62.758018493652344 -46.68136215209961 -33.38374710083008
67.2534408569336 -26.06122398376465 -46.38374710083008
