-50.988624572753906 37.92216491699219 4.6081037521362305
-44.089073181152344 47.51693344116211 12.984456062316895
-35.33694839477539 49.965579986572266 20.86935043334961
-24.760284423828125 49.93171310424805 26.464813232421875
-15.513876914978027 43.33038330078125 25.748947143554688
-24.359304428100586 41.13226318359375 22.47586441040039
-34.52143859863281 40.98991775512695 19.887584686279297
-43.69432067871094 39.34695816040039 14.015340805053711
55.25591278076172 44.50104522705078 -1.920161247253418
47.24882125854492 44.9919548034668 10.3240385055542
37.524620056152344 45.91298294067383 17.02330780029297
28.00961685180664 44.033164978027344 19.124286651611328
18.387128829956055 45.133216857910156 24.06402015686035
27.769956588745117 52.89120101928711 24.17400550842285
38.69558334350586 54.268089294433594 17.7853946685791
48.413848876953125 52.70957565307617 7.592914581298828
-37.2590446472168 24.012971878051758 13.661477088928223
-33.63710021972656 26.51021957397461 17.32440185546875
-27.228012084960938 29.769121170043945 20.391910552978516
-21.02873992919922 27.67266273498535 19.093549728393555
-13.540308952331543 25.813844680786133 13.866293907165527
-19.988937377929688 21.81903076171875 16.187009811401367
-25.871057510375977 19.596506118774414 16.535755157470703
-32.87248229980469 20.716773986816406 15.332404136657715
44.117305755615234 25.861204147338867 9.038010597229004
37.7140007019043 23.671186447143555 11.897648811340332
31.598628997802734 24.584896087646484 13.277661323547363
26.49592399597168 25.923921585083008 12.70676040649414
18.049949645996094 27.636842727661133 12.264982223510742
25.981765747070312 31.139415740966797 14.842406272888184
32.05845260620117 33.75985336303711 17.162460327148438
36.165103912353516 28.10245704650879 15.77220630645752
-27.020912170410156 24.882068634033203 19.52050018310547
30.449243545532227 27.506954193115234 15.407289505004883
11.256696701049805 28.42585563659668 21.161609649658203
16.423261642456055 5.242553234100342 32.77487564086914
22.522964477539062 -5.518290996551514 21.934001922607422
20.725143432617188 -13.298619270324707 25.592472076416016
15.728529930114746 -8.775496482849121 35.44274139404297
6.890961170196533 -15.325669288635254 35.55658721923828
-3.003589391708374 -10.841949462890625 33.18013381958008
-7.575861930847168 -15.110742568969727 24.467674255371094
-10.994019508361816 -8.390979766845703 19.890846252441406
-5.878883361816406 3.468217611312866 32.70545196533203
-5.646939754486084 26.553573608398438 19.7640438079834
5.352247714996338 -1.4554232358932495 50.307743072509766
-17.49380111694336 -42.84888458251953 13.733084678649902
-7.320094585418701 -35.935874938964844 27.140729904174805
1.531721591949463 -31.445026397705078 32.710933685302734
8.312447547912598 -32.61039733886719 33.12297821044922
14.603909492492676 -30.51593589782715 32.56425476074219
23.653474807739258 -33.2176513671875 27.549503326416016
33.27824401855469 -38.13636779785156 15.529610633850098
22.804424285888672 -45.287879943847656 27.664552688598633
9.773330688476562 -47.52231216430664 31.22431755065918
-4.324761390686035 -47.333763122558594 26.84831428527832
-2.8085339069366455 -39.50603485107422 26.56808090209961
8.543903350830078 -38.63458251953125 29.881258010864258
19.427257537841797 -37.62983703613281 27.056400299072266
-2.366762161254883 -40.757442474365234 26.617509841918945
8.821796417236328 -40.022987365722656 29.1611270904541
19.279170989990234 -38.757442474365234 27.003801345825195
-57.093406677246094 -40.757442474365234 -47.948692321777344
-54.950584411621094 -48.757442474365234 -41.948692321777344
-34.36528015136719 -71.87065124511719 -22.981616973876953
-21.873516082763672 -78.2572250366211 -7.534219741821289
-7.043858528137207 -84.9674301147461 10.742431640625
7.506196022033691 -84.75743865966797 18.836151123046875
33.50619125366211 -78.00496673583984 13.051300048828125
47.33784866333008 -68.40228271484375 -9.742055892944336
57.95392608642578 -57.6148567199707 -26.050731658935547
64.75069427490234 -51.13580322265625 -38.948692321777344
70.0005111694336 -30.757442474365234 -49.948692321777344
