-43.747928619384766 99.78787231445312 -8.301642417907715
-39.89000701904297 107.6216049194336 -1.6915616989135742
-30.85195541381836 112.04444885253906 6.285060882568359
-18.35460090637207 112.90150451660156 14.381850242614746
-11.045170783996582 106.40167999267578 15.508400917053223
-19.89910125732422 104.23876953125 10.713764190673828
-30.637351989746094 103.93122100830078 6.656938076019287
-38.424049377441406 101.02165222167969 -0.16686740517616272
60.27747344970703 101.85758972167969 5.771111488342285
52.59619903564453 105.02252197265625 13.220865249633789
42.905792236328125 108.16694641113281 17.4886474609375
32.31218338012695 107.8507080078125 18.59384536743164
20.11094093322754 108.57320404052734 20.92576026916504
30.304414749145508 115.57365417480469 21.841859817504883
44.13052749633789 115.32723236083984 17.461929321289062
54.94145584106445 111.24479675292969 11.538867950439453
-33.654388427734375 85.37464904785156 0.2320042997598648
-26.582077026367188 90.15288543701172 7.7138566970825195
-21.133953094482422 92.15408325195312 8.764799118041992
-15.772077560424805 91.70925903320312 7.764212608337402
-10.287734031677246 88.61241912841797 8.023845672607422
-16.426666259765625 86.2723388671875 6.989452362060547
-21.13062858581543 84.94542694091797 6.231152534484863
-25.64796257019043 84.45899200439453 5.553521156311035
45.69911193847656 86.2014389038086 13.984169960021973
38.5511589050293 86.1019515991211 15.029458045959473
33.58580780029297 86.57865905761719 14.536277770996094
28.663555145263672 87.81627655029297 13.82918930053711
21.836441040039062 90.18789672851562 13.353960037231445
28.86861801147461 93.35279846191406 14.324007034301758
33.60557174682617 93.80362701416016 16.86347198486328
38.377044677734375 91.37039947509766 17.6173152923584
-20.247760772705078 88.37850952148438 8.013387680053711
32.85084915161133 90.16714477539062 15.896758079528809
12.532621383666992 90.53001403808594 20.903301239013672
14.470499038696289 68.14147186279297 34.57645034790039
21.480392456054688 57.325870513916016 25.717426300048828
16.859947204589844 49.91555404663086 28.2093505859375
10.484994888305664 52.1640739440918 36.73545455932617
2.116267442703247 47.52006530761719 34.49916076660156
-4.984366416931152 51.13389587402344 31.194557189941406
-8.763397216796875 49.31258010864258 23.082509994506836
-12.408536911010742 55.3845329284668 19.640504837036133
-9.272343635559082 66.86112976074219 29.9266414642334
-2.9341931343078613 89.32757568359375 16.409343719482422
-1.2555009126663208 59.55335235595703 49.3103141784668
-18.912996292114258 28.686710357666016 12.093152046203613
-10.528409957885742 33.747318267822266 24.504167556762695
-2.780571460723877 36.83522415161133 30.204139709472656
3.142559289932251 35.82857131958008 31.586528778076172
8.716920852661133 37.1123046875 32.169376373291016
17.1566104888916 34.554588317871094 29.750028610229492
29.46574592590332 29.609683990478516 20.50080108642578
16.193132400512695 24.580408096313477 31.27530860900879
3.542785167694092 23.403364181518555 32.28709411621094
-8.42306900024414 23.947025299072266 26.625314712524414
-6.1221089363098145 30.952495574951172 26.08570671081543
3.469295024871826 31.33944320678711 30.15311622619629
13.605657577514648 31.449003219604492 29.635942459106445
-5.996865272521973 29.640947341918945 26.65926742553711
3.47792387008667 29.664308547973633 30.28302001953125
13.598005294799805 30.33291244506836 29.91814422607422
-45.27564239501953 32.83522415161133 -53.3056640625
-38.83405685424805 12.835227966308594 -51.67755126953125
-28.6861572265625 -2.170825719833374 -30.393875122070312
-21.030227661132812 -9.384903907775879 -11.44719409942627
-8.945564270019531 -14.898662567138672 7.781507968902588
7.334702968597412 -15.357908248901367 16.913257598876953
27.52045249938965 -13.746768951416016 10.869224548339844
46.227718353271484 -4.270109176635742 2.9722607135772705
70.16593170166016 13.309715270996094 -23.305667877197266
75.10897064208984 28.870914459228516 -28.2774715423584
77.16593170166016 55.53581619262695 -28.305665969848633
