-48.6122932434082 68.37598419189453 -4.307221412658691
-43.48019790649414 78.15460205078125 3.836310863494873
-33.9376106262207 83.87966918945312 9.979915618896484
-21.81037139892578 85.49037170410156 15.872188568115234
-13.058958053588867 79.23939514160156 17.37749671936035
-22.46799659729004 77.33619689941406 14.21043586730957
-33.15207290649414 76.08675384521484 11.21036434173584
-42.10923767089844 71.79325103759766 4.945059776306152
55.081356048583984 71.7261962890625 1.688249111175537
49.0458984375 76.11782836914062 8.506817817687988
37.20561218261719 81.67972564697266 14.365413665771484
28.102352142333984 80.05843353271484 15.726264953613281
18.367650985717773 80.71600341796875 18.626066207885742
26.5368709564209 88.83426666259766 18.92304039001465
39.899269104003906 88.92082214355469 13.35969066619873
50.26543045043945 83.82301330566406 7.628793716430664
-38.195125579833984 57.707557678222656 5.595235347747803
-32.278804779052734 63.37749099731445 12.128397941589355
-23.129533767700195 64.62600708007812 13.662320137023926
-19.4428653717041 64.1214599609375 12.469056129455566
-14.168355941772461 60.747047424316406 11.905430793762207
-20.437162399291992 58.30414581298828 11.378067970275879
-24.745473861694336 57.36526870727539 11.057287216186523
-30.97762107849121 55.95332336425781 9.662320137023926
43.889503479003906 59.36039733886719 11.758514404296875
37.84493637084961 58.568397521972656 13.493390083312988
32.43141555786133 59.12284469604492 13.667041778564453
27.646604537963867 60.483306884765625 13.641162872314453
20.290220260620117 62.85376739501953 14.020644187927246
26.372787475585938 66.02210235595703 13.800323486328125
32.239646911621094 66.48114013671875 15.612421035766602
38.04074478149414 63.70232009887695 15.56669807434082
-24.3319149017334 59.61030578613281 12.569060325622559
30.559728622436523 62.633419036865234 14.711047172546387
10.25399112701416 63.87198257446289 23.17894172668457
14.257709503173828 41.8323974609375 36.22776794433594
18.77280044555664 32.33883285522461 28.383769989013672
15.041666984558105 23.63188934326172 30.63059425354004
10.319710731506348 27.52046012878418 41.13955307006836
1.5949031114578247 22.24208641052246 38.87168884277344
-6.194196701049805 25.48277473449707 36.55165481567383
-10.12058162689209 22.674699783325195 28.08579444885254
-13.393775939941406 29.918607711791992 25.084217071533203
-9.786874771118164 40.85679244995117 34.33216857910156
-6.642038822174072 62.58925247192383 19.45901107788086
0.512613832950592 35.6110954284668 52.920413970947266
-20.29454231262207 -0.02810000441968441 23.170433044433594
-11.33611011505127 6.785547256469727 32.23560333251953
-3.8543965816497803 11.15460205078125 37.2003173828125
1.813689112663269 9.819409370422363 38.4376106262207
7.569087505340576 11.320157051086426 38.1601448059082
15.526640892028809 7.692980766296387 34.588436126708984
24.949974060058594 1.0295875072479248 26.915042877197266
14.196674346923828 -2.751307725906372 36.8170166015625
1.9691314697265625 -3.5967228412628174 38.648643493652344
-9.674633026123047 -3.258958101272583 34.78483581542969
-7.116419315338135 4.210834980010986 32.898799896240234
1.965646505355835 4.765507698059082 36.14674377441406
11.675494194030762 4.448394298553467 34.401004791259766
-7.035854339599609 2.9793357849121094 33.412879943847656
2.042466402053833 3.2895326614379883 35.82367706298828
11.759895324707031 3.426767349243164 34.63804626464844
-51.543113708496094 -7.923996448516846 -49.16477584838867
-46.28047180175781 -21.84539794921875 -40.155235290527344
-36.3255615234375 -31.832021713256836 -16.82037353515625
-26.9476261138916 -37.20547103881836 -0.10087516158819199
-11.636697769165039 -41.28946304321289 19.361984252929688
3.655808687210083 -40.84822463989258 26.52203369140625
22.28717803955078 -39.923744201660156 19.812885284423828
41.19075012207031 -33.143798828125 4.8105549812316895
51.24073791503906 -28.674667358398438 -13.359541893005371
52.43377685546875 -27.18365478515625 -29.82037353515625
66.607666015625 -4.84539794921875 -31.82037353515625
