-45.99979782104492 95.23129272460938 2.5014214515686035
-41.41038513183594 103.5528335571289 9.049661636352539
-32.537532806396484 107.62743377685547 15.917817115783691
-21.654769897460938 107.80840301513672 22.492694854736328
-12.67573356628418 101.7351303100586 24.005950927734375
-21.632774353027344 100.03239440917969 19.45970344543457
-31.870813369750977 99.16586303710938 16.134614944458008
-40.08030700683594 96.64217376708984 10.324463844299316
58.26469421386719 96.30889892578125 10.111084938049316
51.55308151245117 99.7642593383789 17.61175537109375
42.19661331176758 103.1382064819336 22.4114990234375
32.04949188232422 102.91594696044922 24.03692626953125
20.01371955871582 104.1654052734375 27.699634552001953
30.79627799987793 110.7666244506836 27.37574005126953
42.98613357543945 110.46684265136719 22.559326171875
53.61178207397461 106.05345153808594 15.92589282989502
-35.847999572753906 80.71946716308594 9.671782493591309
-28.14226531982422 84.99535369873047 17.04661750793457
-21.9006404876709 87.62388610839844 18.041593551635742
-17.356647491455078 87.0368423461914 16.69354248046875
-11.391379356384277 83.50484466552734 16.227718353271484
-17.438379287719727 81.09252166748047 15.843009948730469
-22.074485778808594 79.8788833618164 15.600744247436523
-26.359355926513672 79.25059509277344 15.016231536865234
44.420799255371094 81.38521575927734 19.037084579467773
38.31024169921875 80.71721649169922 20.42474937438965
32.654457092285156 81.45836639404297 20.377872467041016
27.789474487304688 82.48772430419922 19.931964874267578
21.179046630859375 85.3921890258789 19.54471778869629
27.737117767333984 88.21060180664062 20.25782585144043
32.68048095703125 88.83028411865234 22.34485626220703
38.22959899902344 86.15997314453125 22.866514205932617
-21.83955955505371 83.44190216064453 17.357357025146484
31.92542839050293 84.98670196533203 21.590595245361328
12.218626976013184 85.367431640625 27.961185455322266
14.200180053710938 62.82014465332031 42.77193069458008
19.766422271728516 50.55831527709961 33.14066696166992
15.300090789794922 44.65022659301758 36.10472106933594
9.887085914611816 48.13911056518555 46.23120880126953
1.719878911972046 42.696205139160156 43.495025634765625
-5.428656101226807 46.261878967285156 41.00696563720703
-9.101934432983398 43.79123306274414 32.418514251708984
-12.44096851348877 50.26380157470703 29.277027130126953
-9.536626815795898 61.350563049316406 38.7005729675293
-3.9365193843841553 84.0134506225586 24.16484832763672
-0.5424068570137024 55.39521026611328 58.053524017333984
-18.799213409423828 20.290136337280273 27.08739471435547
-10.650735855102539 27.633756637573242 35.94612121582031
-3.4189910888671875 31.889739990234375 40.929080963134766
2.271395444869995 30.752899169921875 42.2093505859375
7.777259826660156 32.01832580566406 42.25227737426758
15.523497581481934 28.074522018432617 39.09660720825195
25.36129379272461 21.25060272216797 32.230979919433594
14.733346939086914 16.983510971069336 40.562904357910156
2.6667165756225586 16.76966667175293 41.998355865478516
-8.887751579284668 17.159175872802734 38.1615104675293
-6.316298961639404 24.691476821899414 36.65974426269531
2.5716676712036133 25.435348510742188 39.946502685546875
11.532593727111816 24.99166488647461 38.656089782714844
-6.273942470550537 23.327598571777344 37.11817169189453
2.4936227798461914 23.585159301757812 39.63694381713867
11.323705673217773 23.767749786376953 39.03544235229492
-50.68516159057617 22.69282341003418 -40.07940673828125
-41.645626068115234 0.2506040036678314 -31.778718948364258
-32.780555725097656 -8.344932556152344 -18.622493743896484
-24.051218032836914 -14.864995002746582 0.17311882972717285
-11.3367338180542 -19.349987030029297 19.895444869995117
2.956244945526123 -19.69774627685547 27.961008071899414
22.303394317626953 -18.994935989379883 21.51354217529297
39.90574645996094 -13.959945678710938 3.347515344619751
57.52522277832031 -1.6268208026885986 -8.059648513793945
70.48540496826172 24.47718048095703 -25.567846298217773
73.67639923095703 54.49455261230469 -26.05368995666504
