-42.77283477783203 50.70697784423828 36.970794677734375
-32.9683952331543 60.345115661621094 37.28807830810547
-19.98143196105957 63.066139221191406 35.3972053527832
-8.989474296569824 62.81230926513672 32.321163177490234
-1.6518425941467285 56.12294006347656 27.232501983642578
-8.42579460144043 54.34490203857422 30.814722061157227
-19.104110717773438 54.619117736816406 37.06209945678711
-31.322378158569336 52.42390823364258 39.168949127197266
52.416961669921875 56.79034423828125 -33.87369918823242
51.51786804199219 56.844970703125 -23.866424560546875
46.84259033203125 59.09674072265625 -14.195608139038086
41.17341995239258 56.74578857421875 -7.676594257354736
31.449609756469727 57.19858169555664 0.5711361765861511
39.03329849243164 65.93016815185547 -5.633453369140625
46.260005950927734 67.13347625732422 -17.814022064208984
50.11623001098633 65.159423828125 -27.519207000732422
-29.328475952148438 35.45216751098633 37.67329025268555
-17.41853904724121 37.001495361328125 35.77214431762695
-11.560843467712402 38.105831146240234 31.903356552124023
-8.95235538482666 39.07130432128906 29.69635009765625
-3.6273980140686035 36.75122833251953 22.668893814086914
-9.161255836486816 35.55842971801758 28.05875587463379
-13.445806503295898 34.276588439941406 32.1670036315918
-18.74927520751953 34.41758728027344 35.419654846191406
48.8341064453125 38.69822692871094 -19.04326629638672
42.821067810058594 35.45773696899414 -10.932714462280273
40.301116943359375 36.69822692871094 -9.146686553955078
36.4681510925293 37.4842643737793 -6.837374210357666
28.831018447875977 38.77021026611328 -2.473684310913086
35.8037223815918 40.27444839477539 -5.905429840087891
41.58446502685547 40.83251953125 -8.543814659118652
46.165348052978516 39.72492218017578 -13.659476280212402
-13.260777473449707 36.69822692871094 32.379150390625
41.25141906738281 38.69822692871094 -9.540643692016602
24.17646598815918 39.440853118896484 7.032869338989258
34.112159729003906 17.302385330200195 11.292726516723633
37.0489616394043 8.760686874389648 1.8818840980529785
34.84701919555664 -2.1171743869781494 5.258072376251221
31.73003387451172 -0.8584727644920349 12.965667724609375
23.980365753173828 -3.9006717205047607 20.075395584106445
13.01834774017334 -1.9812185764312744 26.019943237304688
4.974433422088623 -3.2428340911865234 27.207197189331055
0.24290134012699127 4.205013751983643 28.46086883544922
9.83322811126709 15.661286354064941 27.639968872070312
8.13092041015625 38.32075119018555 19.856111526489258
30.815187454223633 8.26552963256836 30.536434173583984
-11.029088020324707 -24.046411514282227 26.236513137817383
9.297008514404297 -18.98788070678711 29.838834762573242
20.204103469848633 -15.702961921691895 26.333938598632812
26.48470687866211 -17.12232208251953 22.492431640625
31.613534927368164 -15.245709419250488 17.85541343688965
36.64621353149414 -18.06222915649414 9.778581619262695
38.311588287353516 -23.34962272644043 -7.893515110015869
36.922630310058594 -29.490367889404297 14.57981014251709
28.202890396118164 -29.86690902709961 24.8671875
14.021586418151855 -29.904003143310547 31.492921829223633
13.313742637634277 -22.199066162109375 27.31977081298828
25.128719329833984 -21.911212921142578 21.715110778808594
33.44796371459961 -22.143327713012695 12.71333122253418
13.886171340942383 -22.954330444335938 27.500934600830078
25.242679595947266 -23.144702911376953 21.76974105834961
33.17305374145508 -23.079483032226562 13.820209503173828
-78.55801391601562 -44.17118453979492 -3.7766711711883545
-64.91413879394531 -56.665313720703125 0.4436734914779663
-39.895408630371094 -66.46281433105469 11.55914306640625
-25.521282196044922 -67.89962768554688 19.435848236083984
5.825111389160156 -73.60148620605469 24.211048126220703
23.07901954650879 -72.47447204589844 20.98554229736328
37.57726287841797 -69.23812866210938 -4.204971790313721
36.58955001831055 -66.87249755859375 -28.602121353149414
35.21900177001953 -60.80178451538086 -48.27452087402344
32.44637680053711 -53.78046417236328 -63.444801330566406
29.512521743774414 -32.63990783691406 -83.65503692626953
