-43.59479904174805 46.178260803222656 17.90806007385254
-29.861282348632812 55.62167739868164 20.249767303466797
-17.760536193847656 57.817386627197266 19.230175018310547
-6.761744499206543 57.687801361083984 17.14132308959961
1.8692814111709595 50.32429122924805 12.946839332580566
-7.239969253540039 47.661685943603516 17.26944923400879
-16.885103225708008 48.37515640258789 21.74222183227539
-28.34191131591797 46.874176025390625 22.765348434448242
60.36539077758789 43.56088638305664 -43.855003356933594
59.2560920715332 46.53712463378906 -36.60675811767578
55.01713562011719 48.874141693115234 -26.94167137145996
46.85517120361328 47.99888610839844 -18.63880729675293
37.5764274597168 50.1144905090332 -11.496829986572266
46.12678909301758 57.3636589050293 -18.8538761138916
53.560585021972656 57.25054931640625 -29.484615325927734
57.974361419677734 55.214996337890625 -39.96018981933594
-25.022808074951172 29.44039535522461 22.44048309326172
-13.885115623474121 32.52224349975586 22.299423217773438
-8.133285522460938 34.204463958740234 19.697309494018555
-4.758975028991699 33.41619110107422 16.124204635620117
0.5031208992004395 30.058368682861328 10.36140251159668
-5.231454372406006 28.694902420043945 14.786409378051758
-9.657240867614746 27.080585479736328 18.441476821899414
-15.486446380615234 27.587635040283203 21.026912689208984
55.576438903808594 28.406005859375 -29.763154983520508
52.17273712158203 27.991775512695312 -23.870323181152344
47.264984130859375 27.632856369018555 -18.869251251220703
42.13642883300781 28.99177360534668 -16.003719329833984
35.11306381225586 30.27614974975586 -11.959067344665527
42.780906677246094 31.916419982910156 -15.620784759521484
48.90519332885742 32.90836715698242 -18.140762329101562
53.33565139770508 31.361995697021484 -23.116437911987305
-9.495979309082031 30.70909881591797 18.857833862304688
47.85822296142578 29.859519958496094 -18.907489776611328
30.2425537109375 31.144861221313477 -2.7531960010528564
40.40628433227539 8.79822063446045 4.488513946533203
42.27214050292969 -3.9658591747283936 -4.143756866455078
41.11751937866211 -10.96743392944336 2.0531105995178223
38.29875946044922 -6.759552001953125 10.382625579833984
30.722179412841797 -10.495455741882324 16.081295013427734
20.78215980529785 -7.653225898742676 19.85624122619629
13.336280822753906 -11.56093692779541 20.249507904052734
6.648858070373535 -5.779581069946289 19.461753845214844
16.91895866394043 8.07431697845459 20.25920867919922
13.861397743225098 31.12281036376953 9.350733757019043
35.98613357543945 4.093956470489502 24.5344181060791
4.050666809082031 -38.599082946777344 25.928285598754883
17.672653198242188 -28.527856826782227 28.174423217773438
28.69662094116211 -22.27935028076172 25.126174926757812
35.265716552734375 -23.48648452758789 22.629194259643555
40.30827713012695 -22.35816192626953 17.80842399597168
45.93785858154297 -28.673023223876953 10.087055206298828
47.53731155395508 -37.83233642578125 -2.3282089233398438
45.08779525756836 -43.10091781616211 14.655205726623535
35.40656280517578 -44.0246696472168 24.85723114013672
21.67176055908203 -43.604225158691406 29.7952823638916
21.364891052246094 -33.14472961425781 25.586402893066406
32.84670639038086 -31.969364166259766 20.227190017700195
41.04365158081055 -32.922325134277344 13.076362609863281
21.543813705444336 -34.02764129638672 25.823171615600586
33.077640533447266 -33.828773498535156 20.744840621948242
41.14576721191406 -33.92375183105469 13.487628936767578
-69.05830383300781 -49.00822067260742 -4.143756866455078
-50.408103942871094 -63.41335678100586 8.754975318908691
-30.251312255859375 -71.86972045898438 16.751258850097656
-5.429790019989014 -73.972412109375 24.956523895263672
17.145893096923828 -81.60980987548828 22.32484245300293
31.78807258605957 -82.27388000488281 15.550859451293945
42.17298126220703 -80.73112487792969 3.9900147914886475
51.33014678955078 -74.34667205810547 -22.491802215576172
54.96054458618164 -69.3359146118164 -38.17544937133789
57.68946838378906 -59.506744384765625 -56.070289611816406
48.97102737426758 -38.72202682495117 -85.82722473144531
