-74.02203369140625 37.02082443237305 19.52927589416504
-65.31067657470703 51.793270111083984 26.808475494384766
-52.15400314331055 56.330570220947266 32.66893005371094
-37.73317337036133 53.284088134765625 33.144649505615234
-28.72466468811035 44.189998626708984 30.785329818725586
-38.874820709228516 42.2843017578125 33.34283447265625
-55.14837646484375 43.25706481933594 34.16700744628906
-65.35237884521484 39.29989242553711 28.9732666015625
44.02046203613281 37.584232330322266 -6.130338668823242
38.98570251464844 40.701541900634766 5.966136455535889
30.685457229614258 44.921424865722656 15.200712203979492
16.612531661987305 44.42401885986328 20.660329818725586
5.652456760406494 48.053348541259766 23.4689884185791
15.223650932312012 56.562965393066406 22.061912536621094
30.2724609375 57.58147430419922 12.461238861083984
39.265193939208984 53.70443344116211 0.6286231875419617
-60.697608947753906 27.878582000732422 28.456523895263672
-53.984291076660156 29.016429901123047 31.30517578125
-48.61931610107422 29.2843017578125 32.520591735839844
-37.485801696777344 30.419710159301758 31.2196102142334
-32.73009490966797 29.2843017578125 29.651988983154297
-40.5590934753418 27.426319122314453 31.55830955505371
-47.55250930786133 26.62448501586914 32.30517578125
-51.61455154418945 26.382822036743164 32.04054260253906
31.510147094726562 30.147903442382812 11.435735702514648
26.887435913085938 28.925363540649414 14.870331764221191
21.653583526611328 28.2843017578125 17.389747619628906
15.745967864990234 29.16167449951172 18.931777954101562
6.825441360473633 30.1516170501709 21.24826431274414
15.636571884155273 32.59667205810547 19.832929611206055
22.39057159423828 31.910444259643555 18.15700912475586
28.044769287109375 31.2843017578125 14.841475486755371
-45.711936950683594 28.2843017578125 32.120941162109375
22.92926788330078 32.50896072387695 18.357114791870117
0.37974515557289124 30.671966552734375 26.719894409179688
6.839320182800293 3.3989176750183105 38.38412094116211
11.861618995666504 -9.875349998474121 30.169591903686523
8.555915832519531 -18.40913963317871 37.34172821044922
3.8491389751434326 -9.443842887878418 46.663055419921875
-6.609004974365234 -16.96903419494629 45.58191680908203
-15.981343269348145 -10.560546875 46.95827865600586
-24.435266494750977 -17.824403762817383 42.2316780090332
-29.204181671142578 -11.090157508850098 37.90884780883789
-21.448486328125 2.9378695487976074 44.19721221923828
-21.571752548217773 30.067312240600586 29.88905143737793
-4.754045009613037 2.1879587173461914 57.226783752441406
-36.80118179321289 -45.941246032714844 41.864933013916016
-23.531675338745117 -38.299259185791016 50.9578971862793
-12.735136032104492 -33.2266845703125 53.142242431640625
-5.825006484985352 -35.11247634887695 52.73971176147461
1.1005704402923584 -33.327571868896484 50.281585693359375
9.571640968322754 -38.460174560546875 44.879390716552734
17.314956665039062 -46.34172058105469 30.858747482299805
7.163820266723633 -51.8638916015625 47.20589065551758
-5.40693473815918 -51.69187927246094 54.34152603149414
-20.623504638671875 -50.97663497924805 53.396907806396484
-20.0169620513916 -43.00495910644531 49.52651596069336
-6.504506587982178 -42.33042526245117 50.327003479003906
4.3019866943359375 -43.60575866699219 45.753334045410156
-19.66502571105957 -44.3691291809082 49.932498931884766
-6.434556007385254 -44.247501373291016 50.36212921142578
4.235635280609131 -44.72817611694336 45.901885986328125
-92.54969787597656 -41.57785415649414 -22.971567153930664
-80.09504699707031 -73.7156982421875 -18.69482421875
-68.91956329345703 -86.73188781738281 -4.135646820068359
-51.78655242919922 -96.09825134277344 15.825342178344727
-30.116670608520508 -100.45545196533203 34.16527557373047
-6.424203872680664 -100.57929229736328 35.693782806396484
9.844440460205078 -98.05863189697266 24.23725700378418
23.04228401184082 -87.76901245117188 10.307656288146973
30.319875717163086 -80.76158142089844 -13.526335716247559
30.975269317626953 -72.48007202148438 -44.69482421875
39.65690994262695 -44.40834426879883 -65.71281433105469
