-56.330810546875 35.86134719848633 -25.628530502319336
-54.56389617919922 47.38103485107422 -13.816661834716797
-50.17654037475586 52.077579498291016 -5.184421539306641
-42.78608703613281 52.10463333129883 4.334527969360352
-33.90410232543945 45.194183349609375 8.86350154876709
-41.8093376159668 41.79956817626953 3.6933488845825195
-50.961936950683594 41.71027374267578 -4.371546745300293
-55.47195053100586 37.787200927734375 -14.5138521194458
51.18851852416992 41.51871109008789 30.588085174560547
35.48153305053711 45.454322814941406 37.21113586425781
21.16562271118164 50.22019577026367 37.87595748901367
11.406717300415039 49.12220764160156 34.03615951538086
0.8034902811050415 50.456451416015625 29.827621459960938
9.138162612915039 58.2530403137207 34.85299301147461
21.01648712158203 59.325653076171875 36.87149429321289
38.388851165771484 55.27217102050781 35.10591125488281
-46.2161865234375 23.58473014831543 -5.89268159866333
-47.29031753540039 27.070615768432617 -2.820725917816162
-40.40008544921875 26.98881721496582 2.6658878326416016
-34.639671325683594 29.170433044433594 5.809062480926514
-29.158430099487305 25.58473014831543 6.864319324493408
-34.2037353515625 24.58473014831543 3.593332052230835
-38.706974029541016 23.09252166748047 0.7069386839866638
-43.59143829345703 22.665002822875977 -3.48972749710083
27.39325714111328 31.911787033081055 35.56979751586914
21.67011833190918 30.584732055664062 34.811561584472656
16.308942794799805 29.437040328979492 32.82559585571289
11.185331344604492 29.56810188293457 30.006513595581055
3.7503821849823 29.74196434020996 26.226661682128906
9.2525634765625 33.916290283203125 30.8073673248291
13.942144393920898 34.22525405883789 34.49332809448242
20.60082244873047 34.091670989990234 36.44097900390625
-38.988834381103516 25.408950805664062 1.6120325326919556
14.957609176635742 31.584732055664062 32.86290740966797
-6.150875091552734 28.462141036987305 25.918338775634766
-6.045139789581299 1.8677048683166504 39.932247161865234
3.368138551712036 -11.871411323547363 38.37625503540039
-2.5186495780944824 -19.455524444580078 41.20813751220703
-13.19051742553711 -12.63019847869873 44.217491149902344
-19.644771575927734 -19.939661026000977 37.55229187011719
-28.61672592163086 -14.297625541687012 31.2081356048584
-29.493722915649414 -21.63517951965332 23.512868881225586
-30.852785110473633 -15.218884468078613 19.455894470214844
-30.329904556274414 0.5208079218864441 26.51395606994629
-21.619930267333984 26.988698959350586 15.683290481567383
-27.739927291870117 -0.8001643419265747 46.7042350769043
-36.92259979248047 -51.113224029541016 17.048227310180664
-33.57366180419922 -42.718379974365234 30.886457443237305
-28.053892135620117 -36.527828216552734 39.54344940185547
-22.723407745361328 -37.65119934082031 44.048954010009766
-15.849445343017578 -35.81135940551758 46.73166275024414
-4.979163646697998 -40.2468376159668 48.20283889770508
9.478947639465332 -47.15705871582031 43.897544860839844
-8.674705505371094 -54.41812515258789 49.27793502807617
-22.356985092163086 -55.768768310546875 46.41626739501953
-32.28310012817383 -55.81988525390625 35.84823226928711
-29.088672637939453 -46.62610626220703 33.2697639465332
-20.973743438720703 -45.415287017822266 42.33957290649414
-9.846125602722168 -45.15003967285156 45.205726623535156
-29.049821853637695 -48.149139404296875 33.84169006347656
-21.077869415283203 -47.226417541503906 42.4699821472168
-10.318774223327637 -46.98775863647461 45.48288345336914
-44.38850021362305 -45.415287017822266 -50.79188537597656
-42.68534469604492 -67.41529083251953 -35.7918815612793
-38.50004196166992 -80.91786193847656 -25.79187774658203
-30.926212310791016 -96.21922302246094 -10.711186408996582
-24.418947219848633 -102.91374969482422 13.038309097290039
-20.91852378845215 -103.14566040039062 20.379423141479492
10.896986961364746 -98.36302185058594 35.64887237548828
30.60810089111328 -84.68070983886719 34.340694427490234
52.131256103515625 -77.0926513671875 22.042922973632812
62.59260177612305 -68.12673950195312 16.836740493774414
77.08726501464844 -51.415287017822266 6.208128929138184
