-48.91667938232422 24.82634735107422 -36.523841857910156
-50.7010383605957 38.383975982666016 -25.49652671813965
-48.04049301147461 45.03580856323242 -15.716791152954102
-38.89312744140625 49.98149490356445 -0.5630524158477783
-33.56591796875 41.125431060791016 1.1154258251190186
-40.68149185180664 36.38671112060547 -5.415866374969482
-47.57554626464844 34.78515625 -13.966510772705078
-50.159034729003906 29.142194747924805 -25.459775924682617
35.67662811279297 55.834320068359375 37.007659912109375
27.283458709716797 53.394065856933594 38.63264083862305
16.820436477661133 53.41468048095703 36.99560546875
8.393827438354492 50.70585632324219 32.71272659301758
-1.1324162483215332 51.54615020751953 27.58416175842285
5.301030158996582 60.26241683959961 32.54508590698242
16.002952575683594 62.3975830078125 35.326622009277344
27.552019119262695 61.53516387939453 36.46058654785156
-44.05280303955078 16.636009216308594 -19.83134651184082
-42.44356918334961 22.001922607421875 -9.467284202575684
-37.890296936035156 24.43964958190918 -4.10685920715332
-32.42442321777344 25.93170166015625 -1.1031529903411865
-25.894641876220703 22.087005615234375 1.6302622556686401
-30.902793884277344 20.245933532714844 -2.5392210483551025
-34.79219436645508 18.452150344848633 -5.731844902038574
-39.611083984375 17.123565673828125 -11.002242088317871
24.74368667602539 36.9556999206543 38.01198959350586
20.572599411010742 35.049076080322266 36.597476959228516
15.883984565734863 33.05022430419922 34.1920280456543
11.018020629882812 32.26853942871094 30.563386917114258
4.5972676277160645 31.267091751098633 25.304847717285156
8.667841911315918 36.493309020996094 31.331937789916992
12.872773170471191 38.49478530883789 35.497520446777344
18.93730354309082 39.30641555786133 38.05896759033203
-35.525753021240234 20.66001319885254 -4.868139743804932
14.971256256103516 36.63395690917969 35.81574630737305
-5.845199108123779 27.97057342529297 22.62107276916504
-3.9940972328186035 3.145678758621216 37.320556640625
8.29627799987793 -7.678598880767822 39.55158996582031
2.378920078277588 -16.737567901611328 41.462059020996094
-6.288345813751221 -14.56232738494873 39.58422088623047
-14.861701965332031 -20.553064346313477 34.341285705566406
-24.614215850830078 -17.455209732055664 26.77956771850586
-25.296688079833984 -23.393001556396484 18.882631301879883
-26.534826278686523 -17.539304733276367 14.564166069030762
-26.57381248474121 -1.849595308303833 20.30086326599121
-19.93833351135254 24.735008239746094 10.803336143493652
-26.508264541625977 -2.3658502101898193 42.23122787475586
-26.293317794799805 -50.670963287353516 9.422625541687012
-25.886735916137695 -42.98277282714844 25.705507278442383
-20.808629989624023 -37.297706604003906 35.048057556152344
-15.251408576965332 -37.7724723815918 39.933895111083984
-8.945123672485352 -34.91707992553711 43.47027587890625
2.4773099422454834 -36.507102966308594 46.95853805541992
21.529600143432617 -39.97084045410156 43.654842376708984
-1.4255460500717163 -48.514617919921875 48.148231506347656
-14.615376472473145 -51.52305221557617 43.0424919128418
-23.62252426147461 -53.28294372558594 31.118898391723633
-21.40030860900879 -45.96525573730469 29.124393463134766
-13.578070640563965 -43.45750427246094 39.379730224609375
-2.3579468727111816 -41.5613899230957 44.01215744018555
-21.227638244628906 -47.330928802490234 29.853057861328125
-13.38708782196045 -45.0955810546875 39.525142669677734
-2.716928720474243 -43.29487609863281 44.369754791259766
-12.773175239562988 -49.73756408691406 -75.53822326660156
-14.070306777954102 -77.23019409179688 -50.53950500488281
-9.237116813659668 -95.01998138427734 -32.716617584228516
-12.160343170166016 -100.1156997680664 -6.696901798248291
-9.258223533630371 -103.97058868408203 16.578882217407227
-2.3920230865478516 -102.5830078125 29.565143585205078
36.00815200805664 -94.89546203613281 35.12067794799805
42.09855651855469 -82.94710540771484 39.66482925415039
65.4527359008789 -80.54692077636719 21.29216766357422
80.68917083740234 -61.456398010253906 17.97327423095703
94.226806640625 -39.73756408691406 8.47344970703125
