-42.29349136352539 57.49174880981445 9.624287605285645
-31.45148468017578 67.67750549316406 14.661445617675781
-20.494098663330078 71.05620574951172 19.0387020111084
-8.267687797546387 71.76293182373047 21.448368072509766
0.9677242040634155 65.16105651855469 21.01012420654297
-9.1232271194458 62.613014221191406 19.182331085205078
-20.170555114746094 62.08672332763672 19.85601043701172
-29.420082092285156 60.47233200073242 18.009538650512695
65.55023193359375 51.67914581298828 -30.541757583618164
61.68589401245117 55.30207443237305 -15.987914085388184
53.60063552856445 59.39629364013672 -5.1386027336120605
46.054542541503906 59.45249557495117 -0.7779107689857483
39.043006896972656 62.672428131103516 7.361693382263184
47.61083221435547 68.49176025390625 2.051506757736206
55.244388580322266 67.79290008544922 -7.705949306488037
61.86745834350586 62.88318634033203 -19.94713020324707
-26.96025276184082 41.78756332397461 15.759608268737793
-17.458864212036133 46.20650863647461 18.10260009765625
-12.259894371032715 49.583194732666016 17.105308532714844
-7.280818462371826 47.769290924072266 14.407032012939453
-0.29406389594078064 43.94502258300781 10.834163665771484
-7.931668281555176 41.997005462646484 13.853970527648926
-13.480551719665527 41.39158248901367 16.026235580444336
-18.163928985595703 41.0189094543457 16.74542236328125
53.63520431518555 36.964500427246094 -12.947456359863281
48.32235336303711 37.97114181518555 -7.199465274810791
43.559425354003906 38.457271575927734 -4.534177303314209
38.21879577636719 39.8221549987793 -3.1512413024902344
30.498149871826172 42.676353454589844 0.8459166288375854
39.778831481933594 45.10292434692383 -3.1410348415374756
42.29098892211914 48.138458251953125 -3.910898447036743
48.56293869018555 45.62211227416992 -5.737704753875732
-11.285746574401855 43.84913635253906 16.446271896362305
43.832027435302734 42.59682083129883 -3.4542739391326904
28.543842315673828 47.14783477783203 14.223745346069336
34.089019775390625 29.376733779907227 27.14757537841797
37.806644439697266 18.225788116455078 19.10933494567871
33.933597564697266 10.851343154907227 22.263532638549805
32.791996002197266 17.152090072631836 35.49336624145508
22.76302719116211 10.532166481018066 36.468624114990234
12.562057495117188 16.38836097717285 36.556304931640625
6.16940450668335 11.916601181030273 29.601041793823242
1.9345365762710571 18.662126541137695 26.74286460876465
10.557799339294434 30.11745262145996 33.87209701538086
10.833279609680176 46.89987564086914 19.200056076049805
27.02339744567871 27.114782333374023 50.605472564697266
-7.037220478057861 -12.765336036682129 29.081850051879883
6.078955173492432 -6.931881427764893 35.22390365600586
15.8560152053833 -4.030522346496582 36.27843475341797
21.924528121948242 -5.81362771987915 35.36456298828125
27.762344360351562 -4.555398464202881 32.456626892089844
34.96141815185547 -7.594604969024658 26.384193420410156
40.90226364135742 -14.48858642578125 11.621855735778809
33.93507766723633 -18.42758560180664 29.37627601623535
23.07633399963379 -18.580801010131836 36.606815338134766
9.590104103088379 -17.3410701751709 37.17372512817383
11.096144676208496 -10.38838005065918 35.48893737792969
21.8417911529541 -10.648547172546387 34.61977005004883
31.385602951049805 -11.156566619873047 29.16092300415039
11.455641746520996 -11.48858642578125 35.855934143066406
21.81785011291504 -12.135775566101074 34.45619201660156
31.33932876586914 -12.337693214416504 29.58305549621582
-66.7928695678711 -19.5960693359375 -19.128704071044922
-53.00065994262695 -46.077728271484375 -1.8780443668365479
-36.5073356628418 -56.800148010253906 5.1010823249816895
-19.677412033081055 -58.942569732666016 17.9771728515625
1.5571104288101196 -61.80732727050781 28.368816375732422
18.616451263427734 -61.91383361816406 28.248332977294922
32.49663162231445 -62.640533447265625 17.537527084350586
41.32512283325195 -61.067195892333984 -6.285650730133057
44.62209701538086 -60.372352600097656 -29.786943435668945
46.29810333251953 -50.23900604248047 -62.644840240478516
51.59363555908203 -30.359268188476562 -71.37884521484375
