-50.1151237487793 63.7780647277832 11.71146297454834
-40.37903594970703 75.41658020019531 15.306477546691895
-26.601337432861328 80.29277038574219 18.3944091796875
-13.885018348693848 81.15467071533203 18.882827758789062
-3.3834762573242188 73.94200897216797 17.879005432128906
-14.738910675048828 71.09862518310547 17.887861251831055
-26.68216323852539 70.11964416503906 19.563995361328125
-38.460113525390625 66.7330551147461 17.838655471801758
64.82337188720703 56.01179885864258 -27.912330627441406
60.176116943359375 59.40446090698242 -16.2294921875
51.44221496582031 65.31531524658203 -7.30136251449585
41.208919525146484 66.29137420654297 -2.095061779022217
32.996253967285156 69.9018783569336 5.683538913726807
41.96553421020508 76.56342315673828 0.3019830584526062
52.30284881591797 74.47455596923828 -9.406211853027344
60.494510650634766 67.86902618408203 -19.536710739135742
-33.15624237060547 49.19303512573242 15.855229377746582
-24.573984146118164 54.017276763916016 18.806970596313477
-18.838016510009766 55.73307800292969 18.157346725463867
-13.989413261413574 54.45097351074219 15.522005081176758
-6.548178672790527 50.883094787597656 11.778482437133789
-13.868449211120605 48.69523239135742 14.999998092651367
-19.41143226623535 47.330142974853516 16.45843505859375
-25.869089126586914 47.28949737548828 17.045806884765625
51.30171203613281 43.82107162475586 -11.31020736694336
45.895267486572266 43.4589958190918 -6.777613162994385
40.065616607666016 44.96464538574219 -4.016587734222412
34.69784927368164 45.8419189453125 -2.7514469623565674
27.49053192138672 48.94483947753906 0.19293271005153656
35.322601318359375 52.58820724487305 -3.716032028198242
36.778602600097656 55.52093505859375 -3.1026363372802734
47.68635940551758 47.956600189208984 -6.016073226928711
-19.565086364746094 51.20435333251953 17.429895401000977
40.21169662475586 48.65473175048828 -3.2971038818359375
23.75099754333496 52.73175048828125 12.719874382019043
32.11867904663086 32.30815505981445 29.784164428710938
37.6338996887207 21.755659103393555 21.103713989257812
35.46360778808594 12.796117782592773 27.26704978942871
31.618698120117188 16.263761520385742 38.043434143066406
20.824533462524414 12.614408493041992 40.35930252075195
8.833121299743652 17.875322341918945 41.3018798828125
-0.6027190685272217 15.078414916992188 35.6717529296875
-4.726196765899658 22.35396385192871 34.278709411621094
6.227982044219971 33.99448776245117 36.601585388183594
5.653903961181641 52.8446044921875 17.7052001953125
25.068323135375977 27.76542091369629 53.91255569458008
-14.763237953186035 -9.007997512817383 32.35858154296875
1.0509732961654663 -2.3702938556671143 41.947181701660156
13.00721549987793 0.14273515343666077 42.7868537902832
19.570003509521484 -1.7409911155700684 41.44016647338867
25.923171997070312 -0.6400039196014404 38.872249603271484
33.49126052856445 -3.8166840076446533 33.51559829711914
39.914878845214844 -11.396392822265625 19.54352378845215
31.907121658325195 -12.363946914672852 36.75192642211914
19.778284072875977 -12.368279457092285 44.4980354309082
6.876917362213135 -10.78878116607666 45.30337142944336
6.627686500549316 -4.752772808074951 42.45648956298828
19.382476806640625 -5.3436808586120605 41.71092987060547
29.947376251220703 -6.078319549560547 36.02327346801758
7.176805019378662 -5.606308460235596 42.901214599609375
19.30253028869629 -6.423178672790527 42.2242431640625
29.963808059692383 -7.094269275665283 36.36324691772461
-67.62278747558594 -24.619253158569336 4.415597915649414
-52.88460922241211 -44.71816635131836 14.496881484985352
-39.764129638671875 -48.525455474853516 22.822608947753906
-24.811643600463867 -48.525455474853516 33.822608947753906
-1.9982235431671143 -51.49943161010742 49.23910140991211
20.27838897705078 -52.2521858215332 48.82261276245117
41.742149353027344 -52.67050552368164 30.12902069091797
47.26365280151367 -56.99624252319336 1.997804880142212
53.19816589355469 -54.22929382324219 -13.349489212036133
57.25374984741211 -53.41336441040039 -30.177396774291992
62.46587371826172 -37.900367736816406 -42.497398376464844
