-44.2009162902832 40.91060256958008 18.1419677734375
-34.91136932373047 48.43721389770508 22.40205955505371
-24.968692779541016 49.871726989746094 26.74535369873047
-14.444263458251953 50.1979866027832 29.5941162109375
-5.927596569061279 43.71017074584961 28.70376968383789
-15.187074661254883 41.223873138427734 25.514558792114258
-22.232666015625 39.23215866088867 24.204498291015625
-28.76282501220703 35.01028060913086 22.563032150268555
61.59737777709961 36.83062744140625 -17.935861587524414
57.06358337402344 37.610416412353516 -5.369462490081787
48.257720947265625 40.41025161743164 4.553114891052246
39.52564239501953 40.48257827758789 9.667160034179688
32.51703643798828 43.08928298950195 17.94120979309082
41.224918365478516 49.7354736328125 13.780601501464844
49.99959945678711 48.09750747680664 5.063754558563232
57.703372955322266 45.74269485473633 -7.757043838500977
-33.01953125 20.0496826171875 19.04711151123047
-24.736122131347656 24.466766357421875 22.38843536376953
-16.158857345581055 28.571313858032227 21.523040771484375
-13.141079902648926 27.873546600341797 19.71860122680664
-6.007599353790283 24.00028419494629 15.983837127685547
-13.858115196228027 21.506240844726562 18.611549377441406
-18.685251235961914 20.588214874267578 20.818782806396484
-24.11089515686035 20.431623458862305 21.581422805786133
48.165828704833984 18.419309616088867 -3.3233373165130615
39.14801788330078 24.501089096069336 5.275637149810791
35.8013916015625 24.262371063232422 5.293092250823975
31.25865364074707 24.251604080200195 5.012737274169922
23.211177825927734 25.423351287841797 9.755078315734863
32.74581527709961 28.26783561706543 4.811800479888916
37.584896087646484 29.83228302001953 4.69596529006958
40.6244010925293 30.307388305664062 3.919140577316284
-17.453388214111328 24.45606231689453 22.04214859008789
38.02305221557617 24.110111236572266 5.332347869873047
22.257352828979492 26.605533599853516 22.14149284362793
27.29132080078125 7.762541770935059 34.30366897583008
29.879440307617188 -5.419102668762207 24.01578140258789
26.575328826904297 -11.727303504943848 28.521549224853516
24.743927001953125 -5.824427604675293 39.8266487121582
16.07953643798828 -11.812657356262207 41.91130065917969
6.925947666168213 -6.027798175811768 41.99062728881836
2.2856621742248535 -11.236377716064453 34.3843879699707
-1.9808534383773804 -6.01801061630249 31.662338256835938
4.079051971435547 7.7977728843688965 40.51852798461914
4.155112266540527 26.15351104736328 25.59040641784668
19.36623764038086 4.816945552825928 56.82383346557617
-9.078231811523438 -39.81265640258789 34.84483337402344
1.4308373928070068 -32.317054748535156 40.541927337646484
10.58438491821289 -27.458702087402344 42.622615814208984
16.378328323364258 -29.00568962097168 42.19293975830078
22.013147354125977 -27.48006248474121 39.99237823486328
29.244823455810547 -31.160446166992188 33.847877502441406
35.38401412963867 -38.81265640258789 21.476409912109375
28.111724853515625 -43.63326644897461 34.01801681518555
16.562671661376953 -44.515846252441406 40.11506652832031
3.3422012329101562 -43.907413482666016 39.85441970825195
5.212378978729248 -35.79243469238281 39.037662506103516
15.513742446899414 -35.27824020385742 39.2019157409668
24.638668060302734 -35.11221694946289 35.31589126586914
5.272488594055176 -36.83039093017578 39.10909652709961
15.58978271484375 -36.7708740234375 38.62331008911133
24.686166763305664 -35.976322174072266 35.20992660522461
-64.2158203125 -50.46644592285156 -13.609899520874023
-61.37774658203125 -54.88032531738281 -9.302037239074707
-48.99250411987305 -62.98989486694336 5.2555460929870605
-25.597261428833008 -69.39097595214844 23.462430953979492
-4.333759307861328 -74.10955810546875 34.575843811035156
16.962331771850586 -73.65753173828125 38.337745666503906
34.656158447265625 -75.67212677001953 21.588777542114258
44.158565521240234 -72.77288818359375 -2.6563076972961426
51.962127685546875 -65.15562438964844 -28.43678855895996
55.55491638183594 -50.70625686645508 -46.98525619506836
56.038246154785156 -44.93853759765625 -51.33563232421875
