-39.799964904785156 54.070045471191406 22.04153060913086
-27.57115936279297 67.10748291015625 29.20829963684082
-14.504816055297852 71.34476470947266 32.20287322998047
-1.0707676410675049 72.42163848876953 32.46318817138672
8.63254165649414 65.03507232666016 29.989425659179688
-3.39015531539917 61.787845611572266 29.856660842895508
-13.483697891235352 59.935184478759766 31.320568084716797
-26.6800594329834 57.515193939208984 30.172584533691406
75.1602783203125 50.02937316894531 -25.614582061767578
70.97531127929688 52.394126892089844 -11.927613258361816
63.39126968383789 57.72000503540039 -1.4210295677185059
54.0804443359375 59.15898513793945 4.626079559326172
46.44441223144531 63.20359802246094 14.878890991210938
55.551753997802734 69.2501220703125 9.072750091552734
64.7709732055664 67.94794464111328 -1.2945657968521118
72.34465026855469 62.38275909423828 -14.345474243164062
-20.01862335205078 41.87140655517578 26.47893524169922
-10.120264053344727 45.78705596923828 29.190536499023438
-3.915311574935913 48.5763053894043 27.8682918548584
-0.066421739757061 47.480159759521484 24.52581214904785
5.93316125869751 42.85950469970703 19.01389503479004
-1.8418415784835815 41.40205383300781 23.668224334716797
-5.322025775909424 41.12074661254883 25.909202575683594
-16.09317398071289 38.633392333984375 25.58447265625
62.44683074951172 37.24248504638672 -8.699023246765137
58.083961486816406 36.75672912597656 -4.132338523864746
53.12517166137695 39.10934829711914 0.22924692928791046
48.135536193847656 40.1820182800293 1.186100959777832
39.04838180541992 42.1138801574707 5.480459213256836
47.25175476074219 46.421630859375 2.6479504108428955
53.79767608642578 44.552001953125 2.2557554244995117
57.68849182128906 42.39156723022461 0.09865214675664902
-5.586790084838867 43.12169647216797 27.537662506103516
53.15994644165039 41.350040435791016 1.6309055089950562
36.56756591796875 43.95143508911133 19.054588317871094
46.285926818847656 19.502094268798828 35.256683349609375
49.2822265625 5.355030536651611 22.15439796447754
46.60889434814453 -0.8392769694328308 29.00592041015625
44.90362548828125 3.914639472961426 38.66421127319336
35.99821472167969 -0.17654730379581451 43.81493377685547
24.677968978881836 4.033858299255371 46.63575744628906
17.249483108520508 -0.7040342688560486 40.85592269897461
12.257488250732422 6.254919528961182 38.970088958740234
21.830738067626953 20.591854095458984 43.347023010253906
18.829530715942383 44.16596603393555 25.082956314086914
41.55379104614258 15.26119327545166 57.361995697021484
4.6216044425964355 -27.316898345947266 41.39246368408203
19.389814376831055 -18.83452606201172 48.63235092163086
30.754478454589844 -14.082736015319824 49.46522521972656
37.401824951171875 -15.64716911315918 48.398643493652344
43.30173110961914 -14.493861198425293 44.82315444946289
49.4532356262207 -19.030534744262695 37.02401351928711
53.85985565185547 -27.275543212890625 22.019596099853516
47.32672119140625 -29.970958709716797 39.17535400390625
36.255859375 -30.2299747467041 46.936431884765625
22.404800415039062 -29.682401657104492 48.72520446777344
24.088016510009766 -22.2243595123291 47.15834426879883
35.83698272705078 -22.466880798339844 46.26982116699219
44.647438049316406 -22.275543212890625 39.5294303894043
24.208251953125 -23.282485961914062 47.42483139038086
35.806785583496094 -23.436447143554688 45.82823181152344
44.63325500488281 -23.275543212890625 39.74269485473633
-58.24234390258789 -33.03178405761719 2.600656747817993
-49.61067199707031 -44.292903900146484 11.036532402038574
-30.335187911987305 -52.78307342529297 24.64564323425293
-12.273869514465332 -56.93098449707031 35.11001205444336
11.992792129516602 -62.032161712646484 46.77208709716797
34.691307067871094 -62.85371017456055 44.798980712890625
54.08021545410156 -62.22869873046875 28.278915405273438
61.90666961669922 -59.23877716064453 2.903066396713257
66.79366302490234 -55.628082275390625 -32.785789489746094
67.72736358642578 -51.88737106323242 -41.33664321899414
64.32589721679688 -19.637685775756836 -68.35649871826172
