-58.28190231323242 36.7990608215332 -19.815237045288086
-54.19586944580078 45.73860549926758 -10.451108932495117
-47.94424819946289 47.32202911376953 -2.1064770221710205
-40.16794967651367 47.70696258544922 5.831523895263672
-33.346473693847656 41.20097732543945 9.631685256958008
-39.00705337524414 38.30939865112305 2.438966751098633
-47.02299118041992 38.75774002075195 -2.588172435760498
-54.56951141357422 37.479652404785156 -9.416450500488281
50.269874572753906 37.028663635253906 11.959342956542969
39.271820068359375 37.7733039855957 18.730525970458984
27.4345645904541 40.40542221069336 20.665895462036133
18.184349060058594 39.913429260253906 20.287939071655273
6.978085041046143 41.579498291015625 22.30546760559082
16.827611923217773 48.53719711303711 23.62519645690918
28.5024356842041 48.608551025390625 21.70348358154297
40.786922454833984 46.20744323730469 17.154176712036133
-51.27470016479492 21.423587799072266 -8.773420333862305
-47.07529067993164 25.842079162597656 -3.3384885787963867
-37.98558044433594 29.830589294433594 -0.9855066537857056
-34.86555099487305 27.498018264770508 -1.1787073612213135
-25.74024772644043 22.423587799072266 0.32179009914398193
-34.19911575317383 20.715381622314453 -1.8102402687072754
-39.77459716796875 19.48847007751465 -2.529567003250122
-45.37001037597656 19.20671272277832 -4.357423782348633
34.080806732177734 20.02730369567871 18.899139404296875
27.900104522705078 18.885221481323242 18.230609893798828
22.356292724609375 19.72504997253418 16.5325870513916
17.570178985595703 20.590118408203125 13.575576782226562
8.73371696472168 22.09154510498047 10.4302396774292
18.18950080871582 26.06878662109375 14.786075592041016
22.33778190612793 26.71768569946289 18.28026008605957
27.425928115844727 24.52204704284668 20.402265548706055
-38.80120086669922 23.805192947387695 -0.4993811845779419
21.290830612182617 22.98875617980957 17.648006439208984
-2.678685426712036 24.275806427001953 19.217689514160156
-4.8335418701171875 2.7003111839294434 32.087493896484375
3.8048112392425537 -9.600159645080566 25.647729873657227
-0.16405625641345978 -16.245506286621094 27.463504791259766
-8.561131477355957 -11.168682098388672 34.342323303222656
-18.232189178466797 -15.962636947631836 32.10623550415039
-26.6144962310791 -11.134160995483398 26.11138343811035
-28.536405563354492 -16.062963485717773 17.5972957611084
-30.13978385925293 -9.576419830322266 13.573019981384277
-27.72370147705078 2.1672401428222656 25.1380672454834
-21.288516998291016 24.08749771118164 12.908360481262207
-24.0020809173584 0.012550191953778267 48.57363510131836
-38.59730911254883 -40.082149505615234 3.6107118129730225
-32.2103157043457 -34.24259948730469 20.342588424682617
-24.58100128173828 -31.554590225219727 28.328866958618164
-18.248756408691406 -33.08517837524414 31.17626190185547
-11.582037925720215 -31.554338455200195 33.04011917114258
-1.2541059255599976 -35.41817092895508 31.850805282592773
14.43221378326416 -41.9947395324707 22.465015411376953
-3.6385750770568848 -45.217811584472656 32.85093688964844
-18.386873245239258 -45.459442138671875 31.74637794494629
-29.772077560424805 -44.620872497558594 23.51544189453125
-27.353960037231445 -37.7153205871582 22.724252700805664
-17.593719482421875 -37.85989761352539 29.216960906982422
-6.158934593200684 -38.5751953125 30.77264976501465
-27.01511573791504 -39.3292350769043 22.953750610351562
-17.699134826660156 -39.6749267578125 29.095190048217773
-6.445736885070801 -39.7630615234375 30.693424224853516
-64.6961441040039 -29.57642364501953 -60.16849136352539
-65.32598114013672 -52.57643127441406 -37.168487548828125
-52.614501953125 -74.57643127441406 -18.61362648010254
-43.614501953125 -80.5424575805664 -2.168478012084961
-29.614498138427734 -84.5764389038086 19.857040405273438
-14.578021049499512 -84.5764389038086 28.653989791870117
7.3855109214782715 -84.34278869628906 25.83152961730957
28.41183090209961 -79.56951904296875 14.58318042755127
45.58510971069336 -76.11665344238281 3.2851998805999756
65.38552856445312 -61.14981460571289 -10.168479919433594
67.87327575683594 -55.57643127441406 -10.168479919433594
