-68.73324584960938 50.14948654174805 3.8911890983581543
-64.91629028320312 60.801761627197266 14.404518127441406
-56.43662643432617 65.38909912109375 22.55078125
-46.67852783203125 67.0973129272461 29.284475326538086
-37.508358001708984 61.90534591674805 31.995258331298828
-45.2932014465332 58.32588195800781 25.62558364868164
-54.76172637939453 56.79679489135742 21.73029899597168
-63.37812042236328 52.393150329589844 14.755492210388184
45.434513092041016 69.92276000976562 12.019838333129883
35.07427215576172 69.55269622802734 23.484962463378906
23.543262481689453 71.10831451416016 28.608116149902344
14.932281494140625 69.37311553955078 30.381011962890625
3.484593152999878 68.6359634399414 35.02431106567383
12.714740753173828 77.55331420898438 34.315982818603516
24.508609771728516 79.3907699584961 29.403034210205078
36.77992630004883 78.27437591552734 21.057100296020508
-54.328426361083984 39.476139068603516 17.704029083251953
-50.265995025634766 44.044368743896484 21.361560821533203
-42.53799819946289 49.339359283447266 21.288646697998047
-39.31291198730469 48.09941482543945 20.278852462768555
-30.191804885864258 45.283302307128906 18.52667999267578
-37.89866638183594 42.04501724243164 19.260042190551758
-43.36476135253906 38.983951568603516 19.850170135498047
-49.187618255615234 36.82158660888672 18.34302520751953
32.55691909790039 50.12947463989258 23.08995246887207
26.57495880126953 49.238800048828125 24.608654022216797
20.676767349243164 49.537841796875 24.414451599121094
15.803642272949219 50.42462921142578 22.838027954101562
6.18422794342041 50.344970703125 21.308761596679688
14.772350311279297 55.630340576171875 23.69209098815918
16.691753387451172 57.806739807128906 24.786924362182617
25.674238204956055 54.4716682434082 27.590801239013672
-43.11018371582031 44.1344108581543 22.030166625976562
18.5765323638916 53.15718460083008 25.776365280151367
-3.4100794792175293 50.1640625 33.179046630859375
1.0986557006835938 27.81951141357422 44.7888069152832
8.92569637298584 16.362159729003906 36.23977279663086
6.711812496185303 9.084772109985352 38.46721649169922
0.03660988435149193 13.542988777160645 47.389251708984375
-8.53359603881836 7.088133811950684 46.789024353027344
-19.74763298034668 12.507826805114746 48.937164306640625
-20.91173553466797 5.245481967926025 34.83137130737305
-24.46506118774414 11.220519065856934 31.060686111450195
-22.05876922607422 24.082595825195312 43.019283294677734
-22.60342788696289 47.15422439575195 30.602890014648438
-13.174201011657715 22.75370979309082 64.80352020263672
-28.863170623779297 -22.741064071655273 28.355817794799805
-20.868167877197266 -14.319852828979492 40.38859939575195
-13.029319763183594 -8.84465503692627 46.69168472290039
-6.342419624328613 -9.130583763122559 48.0683479309082
0.04796905443072319 -7.1349101066589355 48.32250213623047
10.639575958251953 -9.912529945373535 44.39479446411133
23.78599739074707 -15.639275550842285 33.70457077026367
10.506526947021484 -21.46188735961914 44.70574188232422
-3.0841948986053467 -23.77761459350586 46.55602264404297
-16.643354415893555 -24.93903350830078 41.6046257019043
-15.439313888549805 -16.60508918762207 41.041099548339844
-5.089304447174072 -14.829575538635254 44.898902893066406
5.169185161590576 -13.973980903625488 44.04401779174805
-14.952945709228516 -17.866024017333984 41.1112174987793
-4.788942337036133 -16.451683044433594 44.51137161254883
5.352363586425781 -15.169590950012207 43.94684600830078
-68.59950256347656 -18.26424789428711 -25.424076080322266
-62.17494201660156 -34.264244079589844 -10.424079895019531
-46.1447639465332 -51.26424026489258 4.575918197631836
-34.19939041137695 -57.26424026489258 14.575916290283203
-15.890708923339844 -60.26424026489258 31.575912475585938
3.1528360843658447 -58.26424026489258 39.17814636230469
26.15283203125 -54.78810501098633 31.575912475585938
41.94283676147461 -45.21962356567383 20.00005340576172
56.451873779296875 -38.04948425292969 4.575918197631836
68.15282440185547 -18.39748764038086 -9.424079895019531
71.70391082763672 6.73574686050415 -21.4240779876709
