11488 1
23218 2
17413 3
12399 4
17410 5
945 6
13057 7
17791 8
5364 9
18177 10
18085 11
4090 12
4082 13
19711 14
23836 15
17043 16
17619 17
5941 18
11464 19
16809 20
3063 21
20084 22
18747 23
5939 24
17095 25
11901 26
5443 27
18246 28
322 29
18091 30
20683 31
3687 32
17629 33
13488 34
958 35
13107 36
10 37
806 38
4941 39
646 40
3213 41
566 42
17755 43
4781 44
13045 45
612 46
17687 47
17566 48
4547 49
17691 50
3531 51
5093 52
4171 53
18117 54
450 55
19948 56
17684 57
11057 58
12230 59
5059 60
11690 61
11724 62
24640 63
14385 64
78 65
11424 66
19928 67
21722 68
752 69
25119 70
21913 71
20324 72
25062 73
