-44.847694396972656 23.850555419921875 -28.98299789428711
-40.115081787109375 36.450992584228516 -19.865676879882812
-32.675331115722656 42.80962371826172 -9.288866996765137
-23.857900619506836 44.19770431518555 -0.1437642127275467
-14.783086776733398 37.38621520996094 5.171616077423096
-22.84327507019043 34.71458053588867 -1.770986795425415
-32.35911560058594 32.95125961303711 -7.577040195465088
-40.73114013671875 28.535194396972656 -16.682188034057617
65.41328430175781 30.038192749023438 15.852311134338379
54.407257080078125 33.39430618286133 21.18642807006836
40.76932144165039 38.963375091552734 22.548580169677734
29.094701766967773 37.715457916259766 19.592796325683594
17.0373477935791 39.10466766357422 18.712308883666992
27.646114349365234 46.4810676574707 21.286962509155273
42.00031661987305 46.34830093383789 20.758895874023438
57.227195739746094 40.28102111816406 18.2891902923584
-35.893882751464844 11.885231018066406 -13.165128707885742
-23.44603157043457 20.9287166595459 -1.2581268548965454
-23.185134887695312 20.50271987915039 -1.1577180624008179
-18.780946731567383 19.68912124633789 -0.9582194089889526
-11.57958984375 15.418549537658691 0.10703110694885254
-19.164461135864258 13.934398651123047 -0.9606065154075623
-24.459131240844727 12.12999439239502 -2.223843812942505
-29.656476974487305 10.942303657531738 -5.176106929779053
45.37211608886719 15.490735054016113 21.719310760498047
38.044349670410156 14.916228294372559 21.93343734741211
32.44221496582031 15.588826179504395 20.134748458862305
27.61224937438965 16.3293514251709 17.44788360595703
19.50682830810547 18.25240135192871 13.431836128234863
27.192752838134766 22.61258888244629 18.08180046081543
30.122156143188477 24.241796493530273 20.44501495361328
41.872901916503906 22.153594970703125 23.328859329223633
-24.020713806152344 16.368051528930664 -0.9940356612205505
31.298738479614258 19.01433563232422 21.058778762817383
7.900111198425293 19.324560165405273 19.365890502929688
6.634109973907471 -4.302737236022949 38.83394241333008
15.198495864868164 -17.116039276123047 31.947572708129883
11.179109573364258 -24.676429748535156 35.501808166503906
2.0776989459991455 -18.988807678222656 44.204376220703125
-5.544055461883545 -25.354711532592773 38.70225143432617
-16.052471160888672 -19.000091552734375 38.053245544433594
-14.746441841125488 -25.725404739379883 25.029766082763672
-15.357156753540039 -19.54294204711914 19.916473388671875
-15.812191009521484 -5.4734954833984375 30.131895065307617
-6.781979084014893 18.270418167114258 12.670225143432617
-12.605667114257812 -8.200179100036621 52.17611312866211
-20.36327362060547 -55.54964828491211 14.30649471282959
-16.051246643066406 -47.4210319519043 27.744590759277344
-10.254433631896973 -42.4182014465332 35.67093276977539
-4.709162712097168 -43.46430206298828 38.55968475341797
1.1767171621322632 -41.56086730957031 40.916954040527344
11.531278610229492 -44.93235397338867 40.13853073120117
25.022377014160156 -51.13228988647461 33.65284729003906
9.804085731506348 -56.95576477050781 39.49039077758789
-2.9861340522766113 -58.61198425292969 37.77696990966797
-12.756872177124023 -59.058998107910156 28.454181671142578
-11.035773277282715 -50.46846389770508 27.867464065551758
-2.7516729831695557 -49.0517692565918 34.96942901611328
7.432919979095459 -48.771141052246094 37.353309631347656
-10.670350074768066 -52.01022720336914 28.062244415283203
-2.5972909927368164 -50.98418045043945 34.95869064331055
7.252767086029053 -50.33531951904297 37.52957534790039
-33.922298431396484 -57.94163131713867 -85.49818420410156
-33.58243942260742 -74.28540802001953 -52.49818420410156
-30.922298431396484 -83.28540802001953 -16.990131378173828
-24.922298431396484 -87.8497543334961 -2.4981889724731445
-13.237524032592773 -94.43862915039062 22.50181007385254
1.5601826906204224 -92.28540802001953 37.123374938964844
21.298145294189453 -89.34117126464844 39.751983642578125
45.66384506225586 -84.66012573242188 28.223207473754883
61.978755950927734 -73.28540802001953 21.50181007385254
79.255859375 -59.2854118347168 10.501810073852539
99.69982147216797 -21.285415649414062 -15.498188018798828
