-70.42420196533203 58.22113800048828 -5.952936172485352
-60.98474884033203 71.0879135131836 -1.6982659101486206
-49.00878143310547 78.14864349365234 6.448246002197266
-36.79592514038086 79.1851577758789 11.702242851257324
-27.21989631652832 72.35502624511719 14.887907028198242
-37.4281005859375 69.13617706298828 11.500627517700195
-49.71501922607422 68.55387115478516 9.650471687316895
-60.954124450683594 64.10338592529297 4.318613052368164
50.85166931152344 52.576141357421875 -2.917651891708374
41.676780700683594 59.66407012939453 6.34666633605957
30.20100975036621 65.72445678710938 11.058808326721191
18.470212936401367 66.27619171142578 12.213323593139648
8.525221824645996 69.31068420410156 15.530137062072754
18.939634323120117 76.43814849853516 13.113875389099121
31.852310180664062 74.20928955078125 7.098422527313232
43.271636962890625 66.65560913085938 0.8264446258544922
-54.30059814453125 45.38862228393555 9.6547269821167
-47.52233123779297 52.886592864990234 14.356729507446289
-38.8218994140625 53.53328323364258 15.342291831970215
-35.49594497680664 54.47403335571289 13.99970817565918
-27.50185203552246 49.160728454589844 12.973121643066406
-34.042415618896484 47.33917999267578 14.433320045471191
-41.68995666503906 45.75394058227539 14.633731842041016
-44.15536880493164 45.6234016418457 14.437557220458984
31.884796142578125 42.83024215698242 11.682164192199707
26.599273681640625 43.20746612548828 13.86430835723877
20.687700271606445 44.30631637573242 14.915282249450684
15.424809455871582 45.475833892822266 14.010653495788574
6.9508585929870605 48.00214767456055 13.011940956115723
15.205275535583496 52.327335357666016 13.676408767700195
20.96989631652832 53.09930419921875 15.114370346069336
29.073585510253906 50.0509033203125 14.416473388671875
-41.07755661010742 48.5785026550293 15.687915802001953
19.8956356048584 47.700462341308594 15.477993965148926
-2.3255577087402344 52.20613479614258 23.068605422973633
1.1029078960418701 32.46930694580078 44.60901641845703
5.567215442657471 16.683530807495117 37.36964797973633
2.9093282222747803 10.830236434936523 43.007999420166016
-2.556668281555176 19.085390090942383 55.02764892578125
-12.281439781188965 13.01115608215332 51.79584503173828
-21.69930076599121 21.113231658935547 55.57587432861328
-26.71064567565918 11.774441719055176 41.66035461425781
-29.848237991333008 16.06897735595703 35.70049285888672
-22.81426239013672 31.676836013793945 43.38346481323242
-18.850383758544922 52.21695327758789 21.518634796142578
-13.419212341308594 31.823486328125 64.28334045410156
-41.36644744873047 -13.83441162109375 34.774932861328125
-29.763072967529297 -6.367105484008789 46.93648147583008
-19.76618766784668 -2.730429172515869 52.137569427490234
-13.10073184967041 -4.3241729736328125 53.37089157104492
-6.525988578796387 -3.2246856689453125 52.89826202392578
2.724195957183838 -7.031764984130859 49.25007629394531
14.341716766357422 -15.983664512634277 37.20384216308594
-0.18583226203918457 -17.186620712280273 51.28824996948242
-13.212045669555664 -17.066814422607422 54.406898498535156
-26.531654357910156 -16.9909610748291 49.53777313232422
-24.523792266845703 -9.850295066833496 48.02406692504883
-13.333795547485352 -9.452640533447266 51.76313018798828
-2.5411553382873535 -10.206421852111816 49.732933044433594
-24.2935791015625 -11.396937370300293 48.708980560302734
-13.397271156311035 -11.237567901611328 51.925514221191406
-2.8571653366088867 -11.566619873046875 50.31221389770508
-81.02074432373047 -1.1697670221328735 -1.060817003250122
-73.13481140136719 -28.16977310180664 10.939186096191406
-59.705780029296875 -45.849159240722656 20.93918800354004
-46.29139709472656 -52.169776916503906 33.21036911010742
-31.705772399902344 -54.815101623535156 50.70806884765625
-11.978169441223145 -56.16978073120117 57.07366180419922
9.859846115112305 -56.29641342163086 48.42723083496094
25.72135353088379 -53.08055114746094 30.503131866455078
39.29424285888672 -53.16978073120117 11.710609436035156
50.927730560302734 -42.169776916503906 0.9391829967498779
58.998008728027344 -31.303651809692383 -18.194700241088867
