-46.74001693725586 31.62055778503418 3.0958220958709717
-40.91743469238281 41.7481689453125 4.894297122955322
-30.55246925354004 45.23145294189453 9.362166404724121
-18.571680068969727 45.87343215942383 13.229259490966797
-9.455100059509277 37.85369110107422 14.024418830871582
-19.493162155151367 36.8988151550293 12.526529312133789
-30.843494415283203 37.5301399230957 11.285673141479492
-40.879425048828125 34.58683395385742 7.5745768547058105
59.90131759643555 28.057817459106445 -5.990735054016113
51.8916015625 31.037141799926758 2.367412805557251
40.92087173461914 35.45513916015625 7.568706512451172
30.23807144165039 34.740196228027344 9.5958251953125
20.070302963256836 36.09922409057617 12.720109939575195
28.9249267578125 43.261756896972656 11.762946128845215
42.119972229003906 42.54050827026367 5.861386299133301
53.89812469482422 37.9307746887207 -1.125199317932129
-37.19403076171875 17.989301681518555 7.587793350219727
-29.487085342407227 22.620555877685547 12.52262020111084
-27.733001708984375 25.8620548248291 13.2266206741333
-19.640478134155273 25.77800941467285 13.800642967224121
-10.001174926757812 18.344009399414062 8.63376522064209
-15.666780471801758 16.5153865814209 12.179744720458984
-22.648195266723633 14.810503005981445 13.66392993927002
-30.72693634033203 15.29136848449707 11.693760871887207
45.95725631713867 13.891510009765625 3.796100616455078
39.38802719116211 11.293466567993164 7.497251033782959
33.02499771118164 12.073320388793945 9.055207252502441
27.148195266723633 14.106722831726074 8.288209915161133
19.738683700561523 17.12494468688965 5.888585567474365
26.75131607055664 20.762929916381836 8.7283353805542
33.10285949707031 21.149751663208008 10.506441116333008
40.4088134765625 18.550079345703125 8.167149543762207
-26.877830505371094 20.966367721557617 13.501533508300781
32.46709442138672 16.527376174926758 10.23203182220459
12.643218040466309 20.113380432128906 12.515457153320312
16.758277893066406 3.3296518325805664 25.919517517089844
21.42527198791504 -8.030179977416992 17.732236862182617
19.108055114746094 -14.91340446472168 21.48444938659668
15.013777732849121 -10.352165222167969 29.331432342529297
6.541055679321289 -14.19438648223877 31.520648956298828
-2.067596435546875 -10.486187934875488 29.279003143310547
-8.131441116333008 -15.02883243560791 23.131128311157227
-11.55611801147461 -9.078533172607422 19.37992286682129
-2.8976712226867676 2.657048463821411 26.469438552856445
-2.15090012550354 20.119953155517578 11.489978790283203
7.932601451873779 2.313131332397461 42.682682037353516
-22.719104766845703 -38.163021087646484 18.144269943237305
-10.348055839538574 -31.459400177001953 29.730010986328125
-0.5173412561416626 -27.530065536499023 33.21741485595703
5.941836357116699 -29.001720428466797 33.577877044677734
12.386175155639648 -27.753259658813477 32.37565612792969
20.84769630432129 -31.706480026245117 27.923858642578125
30.450885772705078 -38.699153900146484 13.591389656066895
19.23763656616211 -42.53547286987305 31.728172302246094
6.341665744781494 -42.505470275878906 37.20119857788086
-7.683193206787109 -41.976280212402344 33.870296478271484
-5.702333927154541 -34.77082824707031 30.953275680541992
5.655696392059326 -34.24964141845703 32.7726936340332
16.749967575073242 -35.194427490234375 29.50983428955078
-5.376399040222168 -36.07623291015625 31.209291458129883
5.604389190673828 -36.01758575439453 32.901668548583984
16.566804885864258 -36.379459381103516 29.55428123474121
-62.83872985839844 -33.37945556640625 -55.080501556396484
-62.304290771484375 -56.37946319580078 -16.080493927001953
-50.04276657104492 -65.65863800048828 -0.08048900216817856
-33.042762756347656 -72.80138397216797 12.919513702392578
-13.042757034301758 -75.72889709472656 30.919517517089844
5.487765789031982 -75.37947082519531 36.48588180541992
25.957252502441406 -76.37947082519531 23.39662742614746
38.95725631713867 -74.37947082519531 2.078447103500366
51.2905387878418 -67.37946319580078 -12.08049201965332
64.02592468261719 -43.379459381103516 -37.08049774169922
64.08418273925781 -38.379459381103516 -47.080501556396484
