-46.8337287902832 42.454307556152344 9.86093521118164
-40.27164077758789 52.181396484375 16.638761520385742
-30.299819946289062 55.844722747802734 22.98887825012207
-19.19485092163086 56.49954605102539 27.914066314697266
-9.914509773254395 49.25053405761719 29.013612747192383
-19.35980224609375 47.84040832519531 26.120708465576172
-30.479515075683594 47.65592956542969 23.521713256835938
-40.15651321411133 44.70808410644531 18.02185821533203
62.768341064453125 45.0919189453125 13.925753593444824
54.7072639465332 46.288291931152344 21.54595184326172
44.00349807739258 49.138832092285156 26.58930206298828
32.4371223449707 48.08958053588867 27.873104095458984
21.643404006958008 48.9708366394043 30.38039779663086
30.907217025756836 55.40242004394531 30.730859756469727
44.22654342651367 56.743560791015625 25.80488395690918
56.1329460144043 53.79092788696289 19.999479293823242
-33.657142639160156 27.839134216308594 16.709617614746094
-29.328550338745117 32.86604309082031 21.734312057495117
-19.79989242553711 35.06541442871094 25.348876953125
-13.201115608215332 34.133827209472656 23.835296630859375
-8.223258972167969 29.65801239013672 19.941524505615234
-13.964432716369629 26.801340103149414 22.28412628173828
-19.27783966064453 24.992998123168945 22.728012084960938
-26.437599182128906 24.54767608642578 20.70703125
47.3975830078125 29.422945022583008 21.11566925048828
42.5521240234375 25.127395629882812 22.090312957763672
35.122589111328125 25.15534210205078 23.307558059692383
29.392658233642578 27.249996185302734 22.628026962280273
21.709732055664062 29.989803314208984 20.261049270629883
28.885997772216797 33.35244369506836 24.690332412719727
35.91152572631836 34.249267578125 26.871511459350586
42.08864974975586 32.21763610839844 24.683446884155273
-18.969383239746094 29.453697204589844 24.305931091308594
35.507568359375 29.491561889648438 25.546865463256836
14.195054054260254 31.640504837036133 26.67673110961914
19.22814178466797 13.16825008392334 35.79698181152344
24.185853958129883 0.2892260253429413 27.274490356445312
21.327619552612305 -5.593268394470215 30.672866821289062
17.763507843017578 1.1429344415664673 41.3988037109375
8.774933815002441 -5.766939640045166 38.96106719970703
0.950866162776947 -0.6096346974372864 38.30385208129883
-3.8622934818267822 -6.962340831756592 29.510286331176758
-7.5072736740112305 -1.1732875108718872 25.936861038208008
-1.739912748336792 11.239890098571777 35.770477294921875
-0.04542068392038345 31.334270477294922 24.868356704711914
8.347247123718262 10.176915168762207 52.69219970703125
-15.34008502960205 -33.84501266479492 24.27205467224121
-5.557577610015869 -25.6934757232666 34.78378677368164
2.824164390563965 -20.207334518432617 39.87290954589844
8.973220825195312 -21.11742401123047 40.59388732910156
15.129768371582031 -19.34512710571289 40.13631057739258
23.6921443939209 -23.223896026611328 36.004520416259766
33.43220520019531 -29.775007247924805 24.426427841186523
22.29247283935547 -36.32474899291992 36.754581451416016
10.349921226501465 -37.92594528198242 40.083126068115234
-2.63675856590271 -37.68348693847656 36.70198440551758
-1.0312026739120483 -28.803359985351562 34.801536560058594
9.131056785583496 -27.69049835205078 37.85816955566406
19.250329971313477 -27.60011100769043 36.01813888549805
-0.4939494729042053 -30.156007766723633 34.77150344848633
9.105147361755371 -29.21830940246582 37.185726165771484
19.098134994506836 -28.66384506225586 36.00157165527344
-54.85533905029297 -33.24837875366211 -24.642017364501953
-52.62779998779297 -39.9810905456543 -19.642017364501953
-37.627803802490234 -56.248374938964844 -3.173301935195923
-24.627805709838867 -62.87788772583008 8.357975006103516
-7.020895004272461 -68.76983642578125 24.964885711669922
8.372186660766602 -68.66761016845703 32.35797119140625
30.242956161499023 -66.9098129272461 24.48719596862793
47.37217712402344 -58.248374938964844 5.462377071380615
63.00156784057617 -44.24837875366211 -8.642021179199219
70.89881134033203 -24.248382568359375 -15.642019271850586
70.89881134033203 -24.248382568359375 -15.642019271850586
