-54.07712173461914 37.280052185058594 -4.011129379272461
-50.15507125854492 49.23017501831055 4.017305850982666
-42.75357437133789 52.6732177734375 12.311373710632324
-33.46860122680664 54.366573333740234 21.09357452392578
-25.35807228088379 47.6074104309082 24.154882431030273
-32.7738037109375 45.232398986816406 19.253843307495117
-43.47397994995117 44.852691650390625 13.254351615905762
-50.914024353027344 40.659400939941406 5.085784912109375
48.07986831665039 50.8739013671875 33.982032775878906
37.17863845825195 51.69586181640625 38.91651916503906
25.01885223388672 53.696922302246094 39.76401901245117
13.768611907958984 51.84938049316406 37.33111572265625
3.314493179321289 51.655426025390625 35.68956756591797
9.746697425842285 59.3753776550293 38.31121826171875
24.490650177001953 61.5075798034668 38.628173828125
37.97579574584961 60.18061447143555 36.812355041503906
-45.63900375366211 26.523666381835938 5.076575756072998
-41.42579650878906 29.874732971191406 12.05446720123291
-37.39970016479492 31.712663650512695 16.1542911529541
-30.113197326660156 31.972991943359375 19.06189727783203
-20.683626174926758 29.33652687072754 17.39284896850586
-29.25156593322754 25.594186782836914 17.682186126708984
-34.23295974731445 24.54305648803711 15.860306739807129
-41.398563385009766 25.457311630249023 10.162140846252441
31.121551513671875 37.04264831542969 37.23471450805664
26.37152671813965 33.360111236572266 37.54739761352539
20.72258186340332 31.812593460083008 36.42717742919922
15.521971702575684 32.60950469970703 33.53755569458008
9.058640480041504 34.054527282714844 27.718631744384766
14.082533836364746 38.27766418457031 34.80274200439453
19.396785736083984 39.418487548828125 37.792476654052734
25.28112030029297 38.346370697021484 38.09346389770508
-37.09811019897461 28.618125915527344 15.359530448913574
20.01611328125 36.34972381591797 37.37430953979492
0.11656828224658966 34.3253059387207 28.88279151916504
1.2269563674926758 17.262903213500977 40.18791580200195
10.182011604309082 8.1436767578125 35.647178649902344
7.962213516235352 0.9507995247840881 36.58755874633789
0.9246513843536377 2.4599766731262207 42.65682601928711
-6.722675800323486 -3.5877161026000977 39.16360855102539
-15.464920043945312 -0.32482245564460754 33.06345748901367
-16.81769371032715 -3.840489387512207 25.4017391204834
-19.37406349182129 2.475541591644287 23.676023483276367
-17.020063400268555 13.77726936340332 31.564315795898438
-14.242374420166016 32.25782775878906 22.677976608276367
-13.645219802856445 10.871987342834473 52.659088134765625
-22.38044548034668 -27.882713317871094 7.2612624168396
-17.315275192260742 -20.855609893798828 23.925230026245117
-10.40869140625 -16.25321388244629 33.52968978881836
-4.238473892211914 -17.774826049804688 36.24241256713867
1.7872576713562012 -14.423200607299805 38.292659759521484
12.938282012939453 -14.317509651184082 37.58795928955078
30.727941513061523 -19.122459411621094 26.36379051208496
13.688085556030273 -32.68048095703125 37.97194290161133
-0.4019955098628998 -36.62417984008789 37.15168380737305
-12.414702415466309 -37.643043518066406 29.111791610717773
-13.384697914123535 -27.354284286499023 22.941444396972656
-1.9982569217681885 -24.92412757873535 33.66289138793945
14.882299423217773 -21.98971176147461 33.610260009765625
-12.875303268432617 -29.544788360595703 23.780935287475586
-1.4827332496643066 -27.77657699584961 33.10430145263672
13.060712814331055 -25.124618530273438 34.38512420654297
-45.50238037109375 -38.47633361816406 -31.77850341796875
-46.06385803222656 -32.47633361816406 -38.77850341796875
-28.464920043945312 -57.47633361816406 -11.897857666015625
-19.464920043945312 -64.47293090820312 0.22149699926376343
-11.513561248779297 -67.47633361816406 23.642797470092773
6.5350799560546875 -68.47633361816406 36.513336181640625
18.535079956054688 -64.47633361816406 38.621856689453125
47.2708625793457 -50.31867218017578 19.304494857788086
66.53507995605469 -33.02703857421875 12.22149658203125
70.53507995605469 -27.476333618164062 10.5140380859375
31.535079956054688 -17.171157836914062 25.22149658203125
