-48.88636779785156 39.640106201171875 -0.5485056638717651
-43.35969924926758 47.8736572265625 0.4680284857749939
-35.29613494873047 52.15381622314453 3.1086795330047607
-25.053682327270508 54.58359909057617 6.584833145141602
-16.46453094482422 49.71016311645508 9.02077579498291
-24.9464111328125 46.02574920654297 7.062641143798828
-33.806060791015625 44.60585403442383 6.489742279052734
-42.110015869140625 41.26900100708008 4.227421283721924
53.4174919128418 41.88212585449219 -11.860478401184082
46.128238677978516 45.69858932495117 -3.749368190765381
35.89385223388672 49.558349609375 0.740440309047699
27.876482009887695 49.247283935546875 2.607189655303955
17.94244956970215 51.84625244140625 6.666446685791016
26.785961151123047 59.00509262084961 3.085785150527954
34.241275787353516 58.61003494262695 -2.0268938541412354
46.37844467163086 51.99302673339844 -9.296468734741211
-38.75466537475586 25.90462875366211 6.756818771362305
-29.28399085998535 31.724822998046875 10.14829158782959
-23.835344314575195 33.69076156616211 9.25149917602539
-19.224838256835938 32.59442901611328 7.541494846343994
-13.039970397949219 28.863590240478516 6.813745975494385
-18.937273025512695 27.274703979492188 9.024199485778809
-22.976306915283203 26.021434783935547 10.443953514099121
-28.24911117553711 25.442678451538086 11.043831825256348
40.038108825683594 29.383068084716797 3.52135968208313
34.27980041503906 27.78108024597168 5.943605899810791
29.164705276489258 28.282852172851562 6.382791519165039
23.7770938873291 28.968053817749023 5.391042232513428
16.618864059448242 30.775278091430664 4.575746536254883
23.688257217407227 34.76706314086914 3.812734603881836
28.02665901184082 36.789833068847656 4.822910308837891
29.26679229736328 35.22608184814453 5.595640659332275
-23.240243911743164 30.047712326049805 10.022673606872559
27.023025512695312 32.422603607177734 5.7577972412109375
10.1741361618042 34.00603485107422 14.05547046661377
15.619057655334473 15.4744234085083 33.466468811035156
22.40180778503418 5.350770950317383 28.823528289794922
20.510557174682617 -2.7171599864959717 30.828353881835938
16.462993621826172 3.1036124229431152 42.416072845458984
6.734199523925781 -4.0440897941589355 41.65521240234375
-1.7144111394882202 -0.8161173462867737 40.083892822265625
-8.542163848876953 -4.971664905548096 32.29680633544922
-12.953977584838867 0.5769965052604675 28.58432388305664
-5.578470230102539 13.30918025970459 33.800140380859375
-5.37943696975708 32.171653747558594 13.189713478088379
7.171234130859375 11.589715003967285 53.06005859375
-21.462244033813477 -27.27632713317871 29.931543350219727
-8.899542808532715 -18.253095626831055 39.31829833984375
0.5559457540512085 -14.468085289001465 41.56045913696289
7.023829936981201 -15.04208755493164 42.3380012512207
13.595573425292969 -13.46513557434082 40.9802131652832
22.043933868408203 -16.590810775756836 37.624244689941406
31.77874183654785 -23.06249237060547 29.004404067993164
20.497201919555664 -24.879436492919922 43.53476333618164
8.05003833770752 -25.720327377319336 47.3155403137207
-5.578880786895752 -27.083168029785156 44.790157318115234
-3.5221524238586426 -21.09431266784668 40.665924072265625
7.078001976013184 -19.607133865356445 42.166011810302734
17.587459564208984 -19.477087020874023 39.8492546081543
-3.1760311126708984 -22.465553283691406 41.790870666503906
7.146564483642578 -21.147974014282227 42.89048767089844
17.497228622436523 -20.481752395629883 40.490882873535156
-57.56385040283203 -50.74745178222656 -31.87197494506836
-42.89253616333008 -73.31365203857422 -13.95488166809082
-33.250614166259766 -72.27668762207031 8.596725463867188
-21.548460006713867 -71.24131774902344 26.601543426513672
-5.310927867889404 -70.68793487548828 45.15243148803711
11.252792358398438 -69.77993774414062 49.53623962402344
26.48565101623535 -68.88921356201172 41.77627182006836
42.060760498046875 -67.24464416503906 18.446435928344727
49.537166595458984 -68.20438385009766 -2.6398496627807617
56.5053825378418 -64.55865478515625 -17.952926635742188
64.43619537353516 -40.21781539916992 -48.871978759765625
