-52.585758209228516 42.96879196166992 -1.1875886917114258
-44.10212326049805 56.56822967529297 3.141810655593872
-31.21890640258789 62.13612365722656 9.279783248901367
-24.094432830810547 64.00868225097656 11.54941463470459
-13.858222961425781 54.57355499267578 13.258867263793945
-21.202747344970703 51.8527946472168 12.103984832763672
-35.368927001953125 50.940834045410156 11.0390625
-45.35711669921875 45.77593231201172 6.233735084533691
56.652679443359375 49.469093322753906 -9.907438278198242
48.91538619995117 53.4719123840332 -0.17746590077877045
34.25724411010742 57.15398025512695 6.601202487945557
26.574962615966797 56.35403823852539 7.789733409881592
17.391311645507812 57.800132751464844 11.434645652770996
28.416643142700195 66.14697265625 9.608542442321777
40.72526168823242 64.98902130126953 2.856168508529663
50.05679702758789 61.359737396240234 -7.158714771270752
-36.26597595214844 32.90861892700195 11.227754592895508
-31.356081008911133 39.371299743652344 14.016077041625977
-23.031963348388672 42.89836883544922 14.007636070251465
-18.165393829345703 42.04122543334961 12.349686622619629
-12.858222961425781 37.66128158569336 11.565726280212402
-17.85822296142578 34.75221633911133 13.295687675476074
-25.069948196411133 32.077354431152344 14.321935653686523
-30.759033203125 31.313335418701172 13.602751731872559
37.4863166809082 37.44037628173828 9.315767288208008
35.157100677490234 36.878807067871094 9.586102485656738
32.537811279296875 36.416465759277344 9.965198516845703
26.025968551635742 37.494956970214844 9.711678504943848
17.963294982910156 40.112918853759766 9.769124984741211
24.555391311645508 43.49320983886719 8.595986366271973
27.06805419921875 44.957916259765625 9.313572883605957
32.28378677368164 43.40950012207031 10.622785568237305
-23.242658615112305 34.44324493408203 14.388553619384766
27.602245330810547 41.164337158203125 10.116079330444336
13.283820152282715 41.71261978149414 16.576305389404297
17.100566864013672 20.828174591064453 35.70174026489258
22.379716873168945 10.870963096618652 31.358055114746094
20.74751091003418 2.2818386554718018 32.278446197509766
16.800273895263672 9.390266418457031 45.60399627685547
8.39593505859375 1.7103110551834106 42.1568603515625
0.4607304036617279 6.772499084472656 45.68029022216797
-4.84807014465332 -0.03544014319777489 33.33363723754883
-9.603644371032715 5.691699504852295 29.573213577270508
-3.816906452178955 18.486860275268555 36.31006622314453
-6.267005920410156 39.34324264526367 15.348552703857422
8.755345344543457 17.190441131591797 54.139034271240234
-15.918207168579102 -24.338733673095703 34.42710494995117
-6.174896240234375 -15.169343948364258 41.024105072021484
2.6105117797851562 -9.591012001037598 43.92209243774414
8.81631088256836 -9.893294334411621 44.54979705810547
14.778688430786133 -8.453425407409668 43.441864013671875
23.250879287719727 -12.55551528930664 39.95536804199219
32.428531646728516 -19.573593139648438 32.53330993652344
22.272607803344727 -21.894344329833984 42.985328674316406
10.236319541931152 -22.98369026184082 46.652198791503906
-2.991347312927246 -24.147573471069336 44.83700180053711
-0.9241223335266113 -17.52450942993164 41.89458084106445
9.300702095031738 -15.76657772064209 43.208492279052734
18.99873924255371 -15.85633659362793 40.82395553588867
-0.555948793888092 -18.56830406188965 42.31816864013672
9.482292175292969 -17.60474395751953 43.167747497558594
18.979413986206055 -16.90191078186035 41.14383316040039
-55.50102615356445 -37.33873748779297 -39.38081741333008
-46.90216064453125 -54.57807922363281 -18.383516311645508
-33.44338607788086 -61.51630783081055 3.7429423332214355
-20.964506149291992 -63.39485168457031 19.951297760009766
-2.858220100402832 -65.43307495117188 37.85403060913086
13.970223426818848 -64.57262420654297 43.29996871948242
31.015254974365234 -61.85539627075195 33.596012115478516
45.02152633666992 -57.08991622924805 14.432497024536133
49.342838287353516 -58.6983757019043 -10.985727310180664
56.51959991455078 -53.338741302490234 -36.38081741333008
62.14179611206055 -33.1026496887207 -51.380821228027344
