-58.226722717285156 47.787391662597656 -8.77255916595459
-52.05303192138672 58.04340744018555 -5.210098743438721
-43.062538146972656 63.12968444824219 -0.8322956562042236
-32.627349853515625 64.6742172241211 3.5557684898376465
-23.198823928833008 59.8943977355957 6.2809672355651855
-31.77833366394043 55.932708740234375 3.4317398071289062
-42.12337112426758 54.3704948425293 2.256762742996216
-50.88334655761719 50.51167297363281 -1.4404677152633667
48.98725128173828 50.38925552368164 -16.61275291442871
41.01272201538086 53.995208740234375 -5.5369391441345215
31.43985366821289 57.6676139831543 -0.7179063558578491
20.66856575012207 58.2969970703125 1.329540729522705
11.373327255249023 61.20262145996094 5.252247333526611
19.92245101928711 67.2664566040039 3.3970890045166016
31.551151275634766 66.57622528076172 -3.4044055938720703
41.85688781738281 61.22718048095703 -10.597484588623047
-45.68476867675781 35.23582458496094 1.0179145336151123
-40.021217346191406 41.078067779541016 4.931950092315674
-33.48857879638672 43.529998779296875 5.698883533477783
-26.47783088684082 42.52901840209961 3.6395013332366943
-20.636810302734375 38.515296936035156 2.6414268016815186
-27.306415557861328 36.178314208984375 4.767823219299316
-31.44194793701172 35.779483795166016 5.596523761749268
-36.2630500793457 34.85249328613281 5.561827182769775
33.47367477416992 37.062652587890625 0.5165815353393555
27.36623764038086 36.51418685913086 3.0788915157318115
22.04625129699707 37.21470260620117 3.599539041519165
17.40544891357422 38.15544509887695 2.7444069385528564
9.710840225219727 39.95829772949219 1.6278347969055176
15.264445304870605 43.77399444580078 0.854115903377533
21.51433753967285 45.101226806640625 3.386739492416382
27.528749465942383 42.35466003417969 4.094367504119873
-30.595991134643555 39.4132194519043 5.913961887359619
20.931406021118164 41.34724426269531 3.9203872680664062
3.145458459854126 42.797786712646484 10.365004539489746
7.30988073348999 22.14112663269043 29.532339096069336
12.883662223815918 9.707755088806152 23.109607696533203
10.522795677185059 3.221468687057495 28.20328712463379
6.724765777587891 9.779476165771484 38.18978500366211
-2.399404764175415 3.2334094047546387 37.75769805908203
-10.837045669555664 7.139845848083496 36.168922424316406
-15.42212963104248 1.6060781478881836 28.478858947753906
-20.089353561401367 6.781637191772461 24.15749168395996
-14.09157943725586 20.246227264404297 30.53380012512207
-12.802970886230469 41.29780578613281 9.758198738098145
-2.5180656909942627 18.880338668823242 49.40365982055664
-26.820711135864258 -21.488149642944336 31.311033248901367
-17.592275619506836 -13.03131103515625 37.33378982543945
-8.397695541381836 -7.5956010818481445 40.3287353515625
-2.0205016136169434 -8.411921501159668 41.24134063720703
4.051835536956787 -7.144041061401367 40.14421081542969
12.478235244750977 -11.21383285522461 36.76322937011719
21.567262649536133 -19.07972526550293 30.014284133911133
11.104241371154785 -20.175830841064453 40.16233825683594
-1.1974208354949951 -20.792585372924805 43.19967269897461
-14.222574234008789 -21.699235916137695 40.99000549316406
-12.129803657531738 -15.311444282531738 38.651737213134766
-1.8477860689163208 -14.034605026245117 40.22279357910156
7.733146667480469 -14.2657470703125 38.062259674072266
-11.721370697021484 -16.455318450927734 39.05739974975586
-1.681858777999878 -15.427543640136719 40.28268051147461
7.682912826538086 -15.28053092956543 38.350826263427734
-64.38496398925781 -39.647491455078125 -28.94597816467285
-49.81763458251953 -60.30718231201172 -14.397809982299805
-43.16569519042969 -61.46711730957031 -0.9808322787284851
-33.395416259765625 -61.888206481933594 16.369890213012695
-15.711257934570312 -63.01376724243164 36.931724548339844
0.5944330096244812 -62.86618423461914 41.53117752075195
17.54172134399414 -61.099369049072266 34.03754425048828
32.33201599121094 -57.880035400390625 15.656789779663086
42.36689376831055 -56.89924240112305 -6.317877769470215
49.86243438720703 -52.12870788574219 -23.434919357299805
58.14750671386719 -31.513309478759766 -40.74331283569336
