-55.56486511230469 37.996543884277344 -1.5190486907958984
-46.9255485534668 48.4796028137207 8.581865310668945
-36.19146728515625 51.566375732421875 16.408945083618164
-24.371639251708984 51.12813949584961 21.74900245666504
-16.120086669921875 44.655975341796875 22.007732391357422
-24.97214126586914 42.10892105102539 18.33858871459961
-35.9255485534668 41.72844696044922 16.613582611083984
-47.39628982543945 38.65325927734375 9.24459457397461
57.0068473815918 38.287662506103516 -2.992810010910034
49.120338439941406 38.99174499511719 7.289915561676025
37.84422302246094 42.2891731262207 14.6489896774292
26.79286766052246 42.50054931640625 16.294151306152344
18.268983840942383 43.80976486206055 20.18832778930664
25.088966369628906 51.288761138916016 20.614627838134766
37.78828430175781 52.713218688964844 14.059800148010254
49.7803840637207 48.665958404541016 5.849856376647949
-43.763946533203125 25.853145599365234 6.9265642166137695
-33.49338912963867 30.69070816040039 15.172951698303223
-27.970500946044922 32.46878433227539 15.411703109741211
-22.458560943603516 31.256620407104492 13.743681907653809
-15.383600234985352 28.249319076538086 10.6821870803833
-23.95827865600586 25.673070907592773 12.308206558227539
-29.048513412475586 24.74725341796875 13.356674194335938
-35.33395004272461 23.924890518188477 12.530678749084473
43.3145751953125 24.482810974121094 7.0573835372924805
37.18077087402344 23.05449676513672 10.057653427124023
30.847640991210938 23.634387969970703 11.175477027893066
24.932100296020508 25.349992752075195 10.70956039428711
16.494482040405273 28.0380916595459 9.663004875183105
24.324790954589844 30.587249755859375 12.005531311035156
28.990936279296875 30.738235473632812 13.70901107788086
34.920494079589844 29.55588722229004 13.166132926940918
-27.60942840576172 28.321821212768555 14.40345287322998
28.80758285522461 26.991670608520508 12.766291618347168
10.049427032470703 29.746450424194336 19.55014419555664
13.302603721618652 8.919811248779297 31.8531436920166
17.194482803344727 -3.8071868419647217 23.41796875
14.618701934814453 -11.44572925567627 29.0256290435791
9.004155158996582 -5.052731990814209 36.602210998535156
-0.4159441590309143 -9.269492149353027 38.20238494873047
-9.455613136291504 -4.353453159332275 37.09852600097656
-14.003562927246094 -9.897773742675781 27.999820709228516
-15.85522174835205 -3.447819948196411 25.090906143188477
-11.019454956054688 8.850561141967773 33.03314208984375
-8.133706092834473 28.262182235717773 17.58382797241211
0.21451236307621002 7.198240280151367 51.2877197265625
-25.130517959594727 -34.8470458984375 26.687883377075195
-16.395565032958984 -27.08685874938965 34.87741470336914
-7.108495712280273 -22.597436904907227 40.77759552001953
-0.8117297291755676 -24.66371726989746 42.794219970703125
5.097292423248291 -23.31414031982422 41.85355758666992
12.767940521240234 -29.177465438842773 37.068912506103516
21.64606475830078 -36.57128143310547 28.688180923461914
11.31695556640625 -41.769466400146484 37.46097183227539
-1.8134644031524658 -40.56148147583008 41.0511474609375
-14.187640190124512 -39.426612854003906 37.064815521240234
-11.353384017944336 -31.044153213500977 35.45859146118164
-1.2518140077590942 -30.913301467895508 39.03425598144531
8.918487548828125 -32.14734649658203 36.868106842041016
-11.490235328674316 -32.154788970947266 36.14867401123047
-1.3718771934509277 -32.70449447631836 39.24327087402344
8.905312538146973 -33.28498077392578 37.32476043701172
-69.1112060546875 -42.45069122314453 -48.6746711730957
-61.441261291503906 -57.422481536865234 -37.18910217285156
-49.1912956237793 -70.55646514892578 -20.011171340942383
-34.904380798339844 -82.54539489746094 1.2713302373886108
-21.529056549072266 -85.5025863647461 15.449586868286133
-2.4695072174072266 -86.47760772705078 19.736373901367188
14.074464797973633 -87.2533187866211 14.566701889038086
31.87421417236328 -81.58544921875 -6.247771739959717
42.79867172241211 -73.49383544921875 -25.96231460571289
50.94520950317383 -64.59201049804688 -32.41592788696289
65.52449035644531 -38.44783020019531 -49.675262451171875
