-51.478572845458984 84.19506072998047 -5.0226521492004395
-42.423545837402344 94.54914093017578 2.578791856765747
-30.29875373840332 98.5395736694336 7.555881023406982
-17.900293350219727 99.36168670654297 10.664571762084961
-8.567185401916504 93.35017395019531 9.915390014648438
-18.3199462890625 90.8956069946289 8.454463958740234
-29.882442474365234 90.40670776367188 8.533041954040527
-41.358154296875 86.523681640625 3.923719882965088
60.18535614013672 84.7339096069336 -25.382080078125
53.467655181884766 87.34776306152344 -14.036700248718262
43.473731994628906 91.30384063720703 -5.316697597503662
32.390525817871094 92.03618621826172 -1.7752950191497803
22.810850143432617 93.62344360351562 4.320096015930176
31.432897567749023 100.8264389038086 1.5272667407989502
43.76454544067383 99.36004638671875 -6.255064487457275
54.597713470458984 95.54550170898438 -16.41594123840332
-37.21870803833008 72.28815460205078 2.3914856910705566
-27.58816909790039 76.75260925292969 7.812231540679932
-21.715137481689453 79.12812805175781 7.1992292404174805
-16.853153228759766 78.30316162109375 4.570258617401123
-10.256414413452148 75.71954345703125 1.1518782377243042
-14.771700859069824 72.32364654541016 2.642535924911499
-22.732175827026367 71.70154571533203 5.119870662689209
-28.977619171142578 70.4510269165039 4.976142406463623
46.950077056884766 72.28815460205078 -11.109137535095215
41.33524703979492 71.08393859863281 -7.859661102294922
35.03464126586914 71.782958984375 -5.856682777404785
29.757091522216797 73.4981689453125 -5.46762228012085
22.282943725585938 76.23933410644531 -5.552081108093262
29.35049819946289 79.48004150390625 -4.782500267028809
35.05205535888672 80.28815460205078 -3.6419379711151123
41.33026885986328 76.88658905029297 -5.285067081451416
-20.558151245117188 74.80106353759766 5.52092170715332
34.44607925415039 74.84021759033203 -4.5844621658325195
17.140470504760742 79.13977813720703 4.274099349975586
22.553558349609375 60.717041015625 17.272672653198242
26.435840606689453 46.665897369384766 7.804935455322266
25.365407943725586 40.474700927734375 14.101265907287598
19.575321197509766 46.97701644897461 21.47441291809082
10.407599449157715 41.12636947631836 25.605009078979492
-0.08605101704597473 46.58320617675781 23.747926712036133
-6.944785118103027 40.4401969909668 17.843469619750977
-10.793752670288086 45.9162483215332 12.441084861755371
-1.9891440868377686 59.41532897949219 20.0103759765625
-0.967666506767273 78.13424682617188 6.17313289642334
12.247952461242676 58.09290313720703 38.28395080566406
-20.308795928955078 18.32126808166504 12.88521957397461
-6.392580032348633 24.826387405395508 22.539979934692383
4.0525102615356445 28.223215103149414 26.348291397094727
10.543458938598633 27.00433921813965 26.647958755493164
16.851728439331055 28.43942642211914 25.241926193237305
24.58030128479004 24.719396591186523 19.944473266601562
33.16797637939453 18.53927230834961 7.639965534210205
23.325878143310547 14.193986892700195 23.22985076904297
10.733376502990723 14.387578010559082 28.85662269592285
-4.1228928565979 15.041876792907715 26.57947540283203
-1.346693754196167 22.14664077758789 24.940378189086914
9.918639183044434 22.22068977355957 26.759258270263672
20.67214012145996 21.68472671508789 22.80038833618164
-1.217867374420166 21.135133743286133 25.634063720703125
9.940529823303223 20.995376586914062 27.237157821655273
20.85594367980957 20.438859939575195 23.21221351623535
-71.9001693725586 2.2881710529327393 -39.58445739746094
-57.54222106933594 -18.16665267944336 -27.21100616455078
-45.78114318847656 -26.415998458862305 -15.86974811553955
-29.638357162475586 -36.195068359375 -2.584462881088257
-16.306270599365234 -39.401123046875 9.656984329223633
-0.24249599874019623 -38.78794479370117 13.965806007385254
27.51041603088379 -36.85361099243164 6.830379962921143
41.98630142211914 -25.711824417114258 -9.725293159484863
46.160728454589844 -25.234516143798828 -34.4561882019043
52.08901596069336 -17.996477127075195 -52.66431427001953
59.48487854003906 -2.7118279933929443 -63.58445358276367
