-83.23350524902344 69.1990737915039 -3.1935038566589355
-76.32826232910156 86.55633544921875 3.5372347831726074
-63.33481979370117 93.68130493164062 12.377291679382324
-49.02524185180664 95.89679718017578 17.198993682861328
-38.10725021362305 90.2209701538086 18.939725875854492
-48.694618225097656 85.49726104736328 16.795818328857422
-61.403358459472656 83.53520202636719 15.543181419372559
-74.0251693725586 76.87564086914062 9.565539360046387
30.590909957885742 88.88908386230469 -10.715107917785645
22.744964599609375 91.63424682617188 0.3230028450489044
11.1292085647583 93.97425079345703 7.6420392990112305
-1.1095564365386963 92.05472564697266 10.780224800109863
-11.091629981994629 93.39311981201172 15.698419570922852
-1.832289695739746 101.18463134765625 11.854279518127441
10.336137771606445 102.43627166748047 4.797946929931641
22.906505584716797 99.37236785888672 -7.997938632965088
-67.43515014648438 63.06888198852539 11.366182327270508
-55.2667236328125 71.45730590820312 17.437786102294922
-53.06327438354492 73.17086029052734 16.94719123840332
-47.60396957397461 72.15956115722656 15.017157554626465
-39.544403076171875 69.91133117675781 11.976954460144043
-47.5121955871582 67.03052520751953 15.343598365783691
-52.837650299072266 63.8958625793457 16.753061294555664
-57.442466735839844 63.71894836425781 16.889795303344727
18.096044540405273 75.49858093261719 6.682371139526367
12.756232261657715 72.95863342285156 9.66816234588623
6.748931407928467 72.86292266845703 11.041608810424805
1.0523921251296997 73.88949584960938 10.444344520568848
-8.264942169189453 74.67093658447266 8.732779502868652
-0.08442828059196472 79.01439666748047 10.030017852783203
4.0016703605651855 80.06417846679688 11.204293251037598
12.331130027770996 79.1743392944336 9.97706127166748
-52.03369903564453 68.79381561279297 17.123035430908203
5.781036853790283 77.1962890625 11.840673446655273
-13.856566429138184 78.47679138183594 17.38905143737793
-8.001805305480957 62.754940032958984 36.099727630615234
-1.0066237449645996 47.420719146728516 27.473161697387695
-2.5365867614746094 43.14932632446289 36.4621467590332
-10.211149215698242 50.5423583984375 44.427852630615234
-18.311250686645508 43.92706298828125 46.60725402832031
-27.26935577392578 47.355587005615234 45.54355239868164
-32.945892333984375 38.93707275390625 37.618099212646484
-36.88484573364258 41.80460739135742 30.936851501464844
-31.0462703704834 58.83173751831055 38.4046745300293
-31.44184112548828 74.00179290771484 18.56490135192871
-19.605817794799805 62.889713287353516 55.09468460083008
-40.699684143066406 14.417227745056152 40.3896484375
-32.09272766113281 25.30231285095215 47.16035079956055
-23.339092254638672 31.132038116455078 51.07842254638672
-17.128952026367188 30.903688430786133 52.79071044921875
-11.264872550964355 32.989463806152344 51.59859085083008
-1.6457933187484741 28.241342544555664 47.990760803222656
8.02832317352295 20.599733352661133 40.081905364990234
-2.4742517471313477 17.78662109375 53.007293701171875
-16.148881912231445 17.29186248779297 57.06680679321289
-28.31348991394043 15.519968032836914 53.159873962402344
-26.821889877319336 22.852136611938477 50.03742980957031
-16.502588272094727 25.284820556640625 53.096885681152344
-6.078896522521973 25.607521057128906 50.42557907104492
-26.710891723632812 22.103578567504883 51.0579719543457
-16.23123550415039 24.075578689575195 53.80828857421875
-5.994185447692871 24.676410675048828 51.14280700683594
-86.04173278808594 -16.94637107849121 -38.72917938232422
-75.27836608886719 -32.552791595458984 -15.124013900756836
-60.76966857910156 -35.709835052490234 8.286293983459473
-45.98149490356445 -39.46038055419922 27.593231201171875
-31.82077980041504 -39.214012145996094 42.20901870727539
-13.379119873046875 -36.0440559387207 47.54995346069336
11.275620460510254 -35.85664367675781 34.75927734375
23.979427337646484 -28.989301681518555 22.3896427154541
33.85248565673828 -24.55803871154785 -0.08950579166412354
40.63592529296875 -19.1650390625 -19.151323318481445
47.02154541015625 -6.317071437835693 -36.817405700683594
